points ground_trurh(3) incremental(3)
700 2.863024e-05 4.722157e-02 4.669402e-02 2.863024e-05 4.722157e-02 4.669402e-02
701 2.915132e-05 4.749598e-02 4.652121e-02 2.903093e-05 4.739504e-02 4.656167e-02
702 2.913066e-05 4.746043e-02 4.635662e-02 2.903304e-05 4.728460e-02 4.643182e-02
703 2.914565e-05 4.749339e-02 4.616846e-02 2.908221e-05 4.717894e-02 4.631026e-02
704 2.906341e-05 4.734803e-02 4.604591e-02 2.901229e-05 4.704541e-02 4.618189e-02
705 2.897219e-05 4.695887e-02 4.607098e-02 2.893706e-05 4.691437e-02 4.608554e-02
706 2.890305e-05 4.663423e-02 4.609280e-02 2.885878e-05 4.689831e-02 4.597571e-02
707 2.886448e-05 4.635095e-02 4.605231e-02 2.881556e-05 4.682497e-02 4.585451e-02
708 2.885439e-05 4.627470e-02 4.591784e-02 2.877955e-05 4.673280e-02 4.572510e-02
709 2.892067e-05 4.625665e-02 4.577548e-02 2.880234e-05 4.667545e-02 4.559635e-02
710 2.886089e-05 4.618313e-02 4.563186e-02 2.875643e-05 4.656109e-02 4.546917e-02
711 2.880298e-05 4.586650e-02 4.560101e-02 2.869486e-05 4.647268e-02 4.535213e-02
712 2.906163e-05 4.619356e-02 4.537034e-02 2.899739e-05 4.647827e-02 4.524951e-02
713 2.898206e-05 4.606736e-02 4.524221e-02 2.891645e-05 4.634854e-02 4.512275e-02
714 2.893736e-05 4.595378e-02 4.511579e-02 2.885633e-05 4.623317e-02 4.499644e-02
715 2.897247e-05 4.604718e-02 4.493092e-02 2.891658e-05 4.617187e-02 4.487816e-02
716 2.904436e-05 4.641270e-02 4.462490e-02 2.895110e-05 4.608117e-02 4.478036e-02
717 2.903285e-05 4.637923e-02 4.446647e-02 2.891609e-05 4.597377e-02 4.465760e-02
718 2.895001e-05 4.603098e-02 4.452425e-02 2.883583e-05 4.594849e-02 4.456544e-02
719 2.893896e-05 4.605057e-02 4.435804e-02 2.884624e-05 4.586090e-02 4.444719e-02
720 2.889573e-05 4.586762e-02 4.429110e-02 2.878460e-05 4.579366e-02 4.432778e-02
721 2.881524e-05 4.572336e-02 4.417898e-02 2.870491e-05 4.567400e-02 4.420552e-02
722 2.898077e-05 4.571831e-02 4.408624e-02 2.880180e-05 4.573041e-02 4.408375e-02
723 2.896135e-05 4.559214e-02 4.398202e-02 2.875856e-05 4.564203e-02 4.396234e-02
724 2.891546e-05 4.547254e-02 4.387132e-02 2.874103e-05 4.551609e-02 4.385332e-02
725 2.911369e-05 4.555055e-02 4.373608e-02 2.886587e-05 4.555500e-02 4.373256e-02
726 2.910007e-05 4.538380e-02 4.367583e-02 2.882460e-05 4.551681e-02 4.361526e-02
727 2.903365e-05 4.520468e-02 4.359120e-02 2.875031e-05 4.541227e-02 4.349828e-02
728 2.906735e-05 4.526989e-02 4.342099e-02 2.881872e-05 4.532032e-02 4.339422e-02
729 2.907421e-05 4.524780e-02 4.328673e-02 2.883558e-05 4.526468e-02 4.327557e-02
730 2.908885e-05 4.528795e-02 4.311968e-02 2.887604e-05 4.517965e-02 4.316475e-02
731 2.907989e-05 4.528394e-02 4.296431e-02 2.888926e-05 4.508533e-02 4.305160e-02
732 2.901610e-05 4.515501e-02 4.285261e-02 2.881748e-05 4.496687e-02 4.293429e-02
733 2.893724e-05 4.495814e-02 4.277842e-02 2.873951e-05 4.485514e-02 4.282142e-02
734 2.885847e-05 4.484619e-02 4.265871e-02 2.866661e-05 4.473625e-02 4.270500e-02
735 2.880025e-05 4.477109e-02 4.252775e-02 2.862452e-05 4.462160e-02 4.259205e-02
736 2.879298e-05 4.472007e-02 4.238902e-02 2.859406e-05 4.451950e-02 4.247744e-02
737 2.898364e-05 4.487380e-02 4.220597e-02 2.871390e-05 4.452708e-02 4.236534e-02
738 2.895146e-05 4.484790e-02 4.205748e-02 2.870104e-05 4.442725e-02 4.225506e-02
739 2.888722e-05 4.475112e-02 4.193677e-02 2.864654e-05 4.431871e-02 4.214096e-02
740 2.880848e-05 4.463070e-02 4.182338e-02 2.856929e-05 4.419937e-02 4.202715e-02
741 2.900885e-05 4.474599e-02 4.163095e-02 2.882166e-05 4.412341e-02 4.194218e-02
742 2.893004e-05 4.462267e-02 4.152102e-02 2.874417e-05 4.400591e-02 4.182932e-02
743 2.885742e-05 4.451522e-02 4.140612e-02 2.868370e-05 4.388840e-02 4.171977e-02
744 2.877986e-05 4.428895e-02 4.137123e-02 2.860665e-05 4.378170e-02 4.161623e-02
745 2.872716e-05 4.421120e-02 4.124518e-02 2.856692e-05 4.367761e-02 4.150563e-02
746 2.875514e-05 4.423918e-02 4.108781e-02 2.861057e-05 4.362367e-02 4.139755e-02
747 2.870190e-05 4.415385e-02 4.096174e-02 2.854831e-05 4.350973e-02 4.128967e-02
748 2.862526e-05 4.401667e-02 4.086888e-02 2.847362e-05 4.340133e-02 4.118031e-02
749 2.856233e-05 4.393352e-02 4.074598e-02 2.842428e-05 4.329085e-02 4.107372e-02
750 2.848619e-05 4.377102e-02 4.068206e-02 2.836129e-05 4.318525e-02 4.097313e-02
751 2.841037e-05 4.366708e-02 4.059707e-02 2.828581e-05 4.307079e-02 4.089623e-02
752 2.832913e-05 4.350902e-02 4.053078e-02 2.821424e-05 4.297155e-02 4.079405e-02
753 2.824492e-05 4.331505e-02 4.049412e-02 2.814542e-05 4.288365e-02 4.069506e-02
754 2.817420e-05 4.323699e-02 4.039118e-02 2.809129e-05 4.281261e-02 4.058723e-02
755 2.813469e-05 4.324724e-02 4.025140e-02 2.804510e-05 4.274874e-02 4.048966e-02
756 2.810507e-05 4.342183e-02 4.007717e-02 2.804194e-05 4.280228e-02 4.038628e-02
757 2.807523e-05 4.357710e-02 3.990926e-02 2.804072e-05 4.285434e-02 4.028240e-02
758 2.802064e-05 4.356419e-02 3.977914e-02 2.797735e-05 4.275687e-02 4.020706e-02
759 2.802580e-05 4.405051e-02 3.951700e-02 2.801902e-05 4.301413e-02 4.011073e-02
760 2.797499e-05 4.408271e-02 3.938500e-02 2.799531e-05 4.301279e-02 4.000588e-02
761 2.790189e-05 4.396452e-02 3.929549e-02 2.792187e-05 4.289990e-02 3.991316e-02
762 2.791424e-05 4.387913e-02 3.935393e-02 2.794269e-05 4.296921e-02 3.985425e-02
763 2.782375e-05 4.362831e-02 3.940452e-02 2.788992e-05 4.292670e-02 3.976095e-02
764 2.779180e-05 4.357321e-02 3.929450e-02 2.785327e-05 4.286369e-02 3.965722e-02
765 2.771968e-05 4.350866e-02 3.919999e-02 2.778137e-05 4.275741e-02 3.959088e-02
766 2.764306e-05 4.336853e-02 3.912816e-02 2.771186e-05 4.265730e-02 3.949256e-02
767 2.756958e-05 4.325841e-02 3.902662e-02 2.764105e-05 4.254928e-02 3.938966e-02
768 2.770452e-05 4.356213e-02 3.881989e-02 2.777883e-05 4.263480e-02 3.933726e-02
769 2.763774e-05 4.345842e-02 3.871926e-02 2.770837e-05 4.252499e-02 3.924132e-02
770 2.758007e-05 4.336156e-02 3.861370e-02 2.764556e-05 4.242263e-02 3.914052e-02
771 2.750854e-05 4.328782e-02 3.850368e-02 2.757544e-05 4.232171e-02 3.905174e-02
772 2.744777e-05 4.317672e-02 3.840536e-02 2.751063e-05 4.221504e-02 3.895076e-02
773 2.736853e-05 4.302068e-02 3.837415e-02 2.744830e-05 4.214271e-02 3.885686e-02
774 2.730154e-05 4.296358e-02 3.826580e-02 2.739292e-05 4.207385e-02 3.875679e-02
775 2.723074e-05 4.286640e-02 3.816551e-02 2.732307e-05 4.196755e-02 3.866382e-02
776 2.718851e-05 4.279158e-02 3.807842e-02 2.727846e-05 4.191060e-02 3.856503e-02
777 2.712065e-05 4.271205e-02 3.796991e-02 2.721449e-05 4.181209e-02 3.847084e-02
778 2.707175e-05 4.266100e-02 3.785472e-02 2.716058e-05 4.173470e-02 3.837633e-02
779 2.699774e-05 4.252951e-02 3.779237e-02 2.709731e-05 4.164458e-02 3.828264e-02
780 2.694223e-05 4.252038e-02 3.771595e-02 2.707502e-05 4.166360e-02 3.818479e-02
781 2.689107e-05 4.243222e-02 3.762761e-02 2.702089e-05 4.158935e-02 3.808762e-02
782 2.684074e-05 4.228154e-02 3.761248e-02 2.697063e-05 4.151242e-02 3.802447e-02
783 2.691853e-05 4.285193e-02 3.735184e-02 2.709556e-05 4.184626e-02 3.793725e-02
784 2.685247e-05 4.280385e-02 3.727193e-02 2.704979e-05 4.181738e-02 3.784075e-02
785 2.679187e-05 4.276720e-02 3.714914e-02 2.699748e-05 4.174617e-02 3.774817e-02
786 2.672626e-05 4.266959e-02 3.705300e-02 2.693922e-05 4.164893e-02 3.765223e-02
787 2.667437e-05 4.250336e-02 3.712535e-02 2.688923e-05 4.159539e-02 3.763947e-02
788 2.662921e-05 4.242694e-02 3.702641e-02 2.683935e-05 4.151491e-02 3.754429e-02
789 2.654587e-05 4.205593e-02 3.716731e-02 2.677227e-05 4.141694e-02 3.750926e-02
790 2.648400e-05 4.191814e-02 3.712258e-02 2.670959e-05 4.132149e-02 3.744261e-02
791 2.641477e-05 4.180354e-02 3.703868e-02 2.664420e-05 4.122162e-02 3.735011e-02
792 2.642438e-05 4.186843e-02 3.692045e-02 2.665217e-05 4.123865e-02 3.725978e-02
793 2.636168e-05 4.184269e-02 3.681333e-02 2.659915e-05 4.118792e-02 3.716652e-02
794 2.630249e-05 4.176667e-02 3.671723e-02 2.653510e-05 4.108862e-02 3.708368e-02
795 2.623586e-05 4.170628e-02 3.661221e-02 2.647019e-05 4.100250e-02 3.699411e-02
796 2.616755e-05 4.160411e-02 3.653347e-02 2.640953e-05 4.092117e-02 3.690220e-02
797 2.609929e-05 4.148788e-02 3.645582e-02 2.634556e-05 4.082137e-02 3.681421e-02
798 2.603164e-05 4.137317e-02 3.637722e-02 2.628079e-05 4.072162e-02 3.672623e-02
799 2.596201e-05 4.123947e-02 3.631854e-02 2.621902e-05 4.063432e-02 3.663996e-02
800 2.589319e-05 4.111271e-02 3.628353e-02 2.589319e-05 4.111271e-02 3.628353e-02
801 2.589693e-05 4.117946e-02 3.618472e-02 2.591300e-05 4.110873e-02 3.622295e-02
802 2.584017e-05 4.107049e-02 3.612317e-02 2.585121e-05 4.102191e-02 3.614833e-02
803 2.578686e-05 4.097415e-02 3.603365e-02 2.579370e-05 4.092284e-02 3.606023e-02
804 2.572755e-05 4.086707e-02 3.596536e-02 2.573637e-05 4.082921e-02 3.598552e-02
805 2.571875e-05 4.076517e-02 3.594594e-02 2.573133e-05 4.072784e-02 3.596727e-02
806 2.565705e-05 4.070904e-02 3.586895e-02 2.566902e-05 4.069001e-02 3.588162e-02
807 2.564432e-05 4.058353e-02 3.588370e-02 2.565707e-05 4.060743e-02 3.587709e-02
808 2.566825e-05 4.060768e-02 3.582889e-02 2.566545e-05 4.055434e-02 3.585924e-02
809 2.561204e-05 4.050532e-02 3.575948e-02 2.560472e-05 4.046789e-02 3.578114e-02
810 2.562125e-05 4.038313e-02 3.581604e-02 2.558447e-05 4.036985e-02 3.582433e-02
811 2.558917e-05 4.054483e-02 3.575858e-02 2.555515e-05 4.058192e-02 3.574393e-02
812 2.552597e-05 4.075013e-02 3.587633e-02 2.549312e-05 4.100738e-02 3.576050e-02
813 2.549860e-05 4.076476e-02 3.577968e-02 2.546114e-05 4.099006e-02 3.567917e-02
814 2.544177e-05 4.066817e-02 3.574605e-02 2.540474e-05 4.095041e-02 3.562167e-02
815 2.539232e-05 4.060244e-02 3.565880e-02 2.535092e-05 4.086678e-02 3.554237e-02
816 2.533125e-05 4.051785e-02 3.562875e-02 2.529000e-05 4.084929e-02 3.548485e-02
817 2.527025e-05 4.051673e-02 3.557125e-02 2.524388e-05 4.089810e-02 3.540354e-02
818 2.584715e-05 4.150426e-02 3.545120e-02 2.586354e-05 4.148063e-02 3.549230e-02
819 2.581371e-05 4.152074e-02 3.535662e-02 2.584362e-05 4.146152e-02 3.542119e-02
820 2.579774e-05 4.131920e-02 3.556622e-02 2.579479e-05 4.147560e-02 3.549751e-02
821 2.586902e-05 4.150096e-02 3.548929e-02 2.585692e-05 4.153563e-02 3.548985e-02
822 2.580176e-05 4.148494e-02 3.554640e-02 2.579463e-05 4.168633e-02 3.545222e-02
823 2.574472e-05 4.143526e-02 3.547221e-02 2.573664e-05 4.165612e-02 3.536925e-02
824 2.569871e-05 4.125698e-02 3.557384e-02 2.567798e-05 4.169128e-02 3.536514e-02
825 2.563675e-05 4.115800e-02 3.550520e-02 2.561586e-05 4.161434e-02 3.528773e-02
826 2.562964e-05 4.112926e-02 3.546427e-02 2.559256e-05 4.152726e-02 3.527150e-02
827 2.563784e-05 4.110861e-02 3.541531e-02 2.560858e-05 4.145082e-02 3.524946e-02
828 2.558813e-05 4.105551e-02 3.532670e-02 2.555581e-05 4.138789e-02 3.516577e-02
829 2.572234e-05 4.148028e-02 3.521897e-02 2.571856e-05 4.162091e-02 3.515488e-02
830 2.569489e-05 4.140044e-02 3.515507e-02 2.568065e-05 4.152620e-02 3.509845e-02
831 2.563591e-05 4.130136e-02 3.508682e-02 2.561953e-05 4.143885e-02 3.502275e-02
832 2.558027e-05 4.119816e-02 3.502283e-02 2.556625e-05 4.134621e-02 3.495401e-02
833 2.590068e-05 4.124978e-02 3.512551e-02 2.589531e-05 4.130670e-02 3.510769e-02
834 2.584939e-05 4.113831e-02 3.511711e-02 2.583662e-05 4.122965e-02 3.507857e-02
835 2.587959e-05 4.153166e-02 3.501076e-02 2.590251e-05 4.154479e-02 3.501737e-02
836 2.584240e-05 4.149481e-02 3.492795e-02 2.586072e-05 4.149473e-02 3.494319e-02
837 2.587634e-05 4.133253e-02 3.525533e-02 2.583773e-05 4.141032e-02 3.522211e-02
838 2.587420e-05 4.136929e-02 3.517573e-02 2.585352e-05 4.141263e-02 3.516289e-02
839 2.588544e-05 4.140032e-02 3.538038e-02 2.585793e-05 4.157083e-02 3.531298e-02
840 2.587556e-05 4.137157e-02 3.531198e-02 2.586056e-05 4.151217e-02 3.525829e-02
841 2.586272e-05 4.130477e-02 3.527843e-02 2.583365e-05 4.142335e-02 3.523290e-02
842 2.580977e-05 4.120548e-02 3.521217e-02 2.578452e-05 4.132521e-02 3.516708e-02
843 2.584492e-05 4.120751e-02 3.524875e-02 2.579926e-05 4.126613e-02 3.522696e-02
844 2.579077e-05 4.118325e-02 3.524705e-02 2.574483e-05 4.129155e-02 3.520813e-02
845 2.573057e-05 4.109659e-02 3.517553e-02 2.568582e-05 4.121475e-02 3.513379e-02
846 2.567623e-05 4.099701e-02 3.511170e-02 2.562760e-05 4.111855e-02 3.506784e-02
847 2.562088e-05 4.121795e-02 3.521934e-02 2.557050e-05 4.149266e-02 3.512715e-02
848 2.556312e-05 4.113318e-02 3.518981e-02 2.551324e-05 4.145212e-02 3.508554e-02
849 2.569456e-05 4.108797e-02 3.523032e-02 2.565220e-05 4.136817e-02 3.514076e-02
850 2.565651e-05 4.101130e-02 3.516416e-02 2.560665e-05 4.127867e-02 3.507753e-02
851 2.559365e-05 4.103587e-02 3.510625e-02 2.558568e-05 4.136018e-02 3.499963e-02
852 2.555424e-05 4.091907e-02 3.504180e-02 2.553156e-05 4.126877e-02 3.492588e-02
853 2.550311e-05 4.077445e-02 3.500724e-02 2.547301e-05 4.121347e-02 3.486163e-02
854 2.552255e-05 4.073271e-02 3.493909e-02 2.546207e-05 4.112266e-02 3.480679e-02
855 2.547739e-05 4.059868e-02 3.489002e-02 2.540572e-05 4.104173e-02 3.473929e-02
856 2.552080e-05 4.054905e-02 3.483929e-02 2.541169e-05 4.094932e-02 3.469918e-02
857 2.545689e-05 4.045369e-02 3.477029e-02 2.535296e-05 4.088002e-02 3.462054e-02
858 2.547127e-05 4.042387e-02 3.469870e-02 2.533878e-05 4.079388e-02 3.456472e-02
859 2.542071e-05 4.029836e-02 3.464737e-02 2.528111e-05 4.071776e-02 3.449559e-02
860 2.536266e-05 4.020600e-02 3.456676e-02 2.522240e-05 4.062490e-02 3.441541e-02
861 2.530359e-05 4.007100e-02 3.450737e-02 2.516425e-05 4.054245e-02 3.434225e-02
862 2.531635e-05 4.003318e-02 3.450495e-02 2.517165e-05 4.044994e-02 3.436415e-02
863 2.525549e-05 3.994091e-02 3.442492e-02 2.511357e-05 4.035627e-02 3.428488e-02
864 2.519398e-05 3.984626e-02 3.434703e-02 2.505618e-05 4.026300e-02 3.420743e-02
865 2.521894e-05 4.000224e-02 3.424396e-02 2.507376e-05 4.028353e-02 3.414755e-02
866 2.543538e-05 3.992267e-02 3.424986e-02 2.521567e-05 4.019087e-02 3.415447e-02
867 2.536697e-05 3.987723e-02 3.417084e-02 2.516665e-05 4.014112e-02 3.407572e-02
868 2.533257e-05 3.966467e-02 3.418604e-02 2.511940e-05 4.006725e-02 3.405329e-02
869 2.527504e-05 3.956960e-02 3.411150e-02 2.506163e-05 3.997619e-02 3.397667e-02
870 2.526422e-05 3.949890e-02 3.404900e-02 2.502632e-05 3.988595e-02 3.391827e-02
871 2.520467e-05 3.940139e-02 3.397416e-02 2.496920e-05 3.979786e-02 3.384156e-02
872 2.514273e-05 3.931543e-02 3.389548e-02 2.491281e-05 3.970778e-02 3.376430e-02
873 2.509851e-05 3.922580e-02 3.382355e-02 2.485905e-05 3.961686e-02 3.369167e-02
874 2.504391e-05 3.913273e-02 3.374985e-02 2.480240e-05 3.952748e-02 3.361604e-02
875 2.498562e-05 3.898791e-02 3.371592e-02 2.474614e-05 3.949576e-02 3.355082e-02
876 2.493127e-05 3.888269e-02 3.365276e-02 2.468984e-05 3.941274e-02 3.347935e-02
877 2.487254e-05 3.878986e-02 3.357797e-02 2.463384e-05 3.932336e-02 3.340439e-02
878 2.481704e-05 3.865166e-02 3.352714e-02 2.457887e-05 3.924344e-02 3.333860e-02
879 2.475477e-05 3.863783e-02 3.344053e-02 2.453399e-05 3.917304e-02 3.326973e-02
880 2.469115e-05 3.856500e-02 3.337053e-02 2.448106e-05 3.911262e-02 3.319475e-02
881 2.463599e-05 3.846636e-02 3.330071e-02 2.442562e-05 3.903231e-02 3.312057e-02
882 2.457873e-05 3.837581e-02 3.322652e-02 2.437041e-05 3.894433e-02 3.304627e-02
883 2.452263e-05 3.828532e-02 3.315261e-02 2.431525e-05 3.885704e-02 3.297199e-02
884 2.460699e-05 3.839889e-02 3.314878e-02 2.438572e-05 3.878733e-02 3.303221e-02
885 2.454962e-05 3.836085e-02 3.307066e-02 2.434121e-05 3.870813e-02 3.296821e-02
886 2.451061e-05 3.823072e-02 3.305631e-02 2.429013e-05 3.867498e-02 3.292053e-02
887 2.445788e-05 3.815644e-02 3.298161e-02 2.423595e-05 3.860114e-02 3.284634e-02
888 2.440341e-05 3.804274e-02 3.292315e-02 2.418293e-05 3.851852e-02 3.278013e-02
889 2.434329e-05 3.801950e-02 3.284377e-02 2.414274e-05 3.847258e-02 3.270705e-02
890 2.429158e-05 3.786055e-02 3.281066e-02 2.408945e-05 3.840327e-02 3.264890e-02
891 2.426302e-05 3.778331e-02 3.277593e-02 2.405155e-05 3.831716e-02 3.262076e-02
892 2.421431e-05 3.768902e-02 3.271168e-02 2.399840e-05 3.823311e-02 3.255222e-02
893 2.415832e-05 3.760664e-02 3.263900e-02 2.394482e-05 3.814995e-02 3.247939e-02
894 2.411191e-05 3.747846e-02 3.260852e-02 2.389238e-05 3.809707e-02 3.242324e-02
895 2.407393e-05 3.747345e-02 3.254160e-02 2.385726e-05 3.801848e-02 3.238155e-02
896 2.402191e-05 3.738693e-02 3.247568e-02 2.380481e-05 3.795393e-02 3.231010e-02
897 2.397304e-05 3.739949e-02 3.239670e-02 2.378150e-05 3.793818e-02 3.223871e-02
898 2.391419e-05 3.732424e-02 3.233013e-02 2.373059e-05 3.787388e-02 3.216755e-02
899 2.408347e-05 3.753621e-02 3.232104e-02 2.408347e-05 3.753621e-02 3.232104e-02
900 2.402989e-05 3.745309e-02 3.224922e-02 2.402998e-05 3.745289e-02 3.224926e-02
901 2.399431e-05 3.742704e-02 3.217730e-02 2.399023e-05 3.738987e-02 3.218995e-02
902 2.393553e-05 3.734049e-02 3.211113e-02 2.393949e-05 3.730821e-02 3.212136e-02
903 2.386233e-05 3.732764e-02 3.206375e-02 2.389441e-05 3.723460e-02 3.209271e-02
904 2.381862e-05 3.724936e-02 3.199488e-02 2.384714e-05 3.715290e-02 3.202545e-02
905 2.372310e-05 3.714446e-02 3.199033e-02 2.380588e-05 3.707192e-02 3.200899e-02
906 2.368834e-05 3.706152e-02 3.192865e-02 2.376911e-05 3.700780e-02 3.194201e-02
907 2.365008e-05 3.702003e-02 3.185890e-02 2.372649e-05 3.694108e-02 3.188126e-02
908 2.359323e-05 3.695433e-02 3.179538e-02 2.367520e-05 3.686234e-02 3.182144e-02
909 2.354838e-05 3.688322e-02 3.172634e-02 2.362692e-05 3.678410e-02 3.175524e-02
910 2.347217e-05 3.688246e-02 3.170520e-02 2.358754e-05 3.671436e-02 3.175628e-02
911 2.341453e-05 3.680722e-02 3.164273e-02 2.353861e-05 3.664933e-02 3.168886e-02
912 2.339862e-05 3.669842e-02 3.170557e-02 2.360231e-05 3.671791e-02 3.168200e-02
913 2.333696e-05 3.663848e-02 3.164828e-02 2.355441e-05 3.663933e-02 3.163005e-02
914 2.328652e-05 3.657637e-02 3.157987e-02 2.350292e-05 3.657702e-02 3.156091e-02
915 2.323659e-05 3.651335e-02 3.150883e-02 2.345168e-05 3.650596e-02 3.149269e-02
916 2.317930e-05 3.644951e-02 3.145753e-02 2.340622e-05 3.647385e-02 3.142762e-02
917 2.312467e-05 3.642192e-02 3.138619e-02 2.335735e-05 3.640843e-02 3.136978e-02
918 2.307927e-05 3.635650e-02 3.131655e-02 2.330868e-05 3.633355e-02 3.130393e-02
919 2.316558e-05 3.637747e-02 3.128307e-02 2.340073e-05 3.628191e-02 3.130052e-02
920 2.315730e-05 3.628329e-02 3.123930e-02 2.339309e-05 3.621464e-02 3.124740e-02
921 2.310561e-05 3.628906e-02 3.116399e-02 2.334286e-05 3.617379e-02 3.119130e-02
922 2.304138e-05 3.620275e-02 3.112126e-02 2.329719e-05 3.609580e-02 3.114319e-02
923 2.298430e-05 3.611541e-02 3.106764e-02 2.324957e-05 3.602189e-02 3.108264e-02
924 2.292318e-05 3.609482e-02 3.101881e-02 2.320407e-05 3.595315e-02 3.105196e-02
925 2.287144e-05 3.604076e-02 3.095113e-02 2.315470e-05 3.589594e-02 3.098488e-02
926 2.281921e-05 3.598041e-02 3.088599e-02 2.310568e-05 3.582368e-02 3.092439e-02
927 2.276184e-05 3.590188e-02 3.086591e-02 2.307885e-05 3.580971e-02 3.087413e-02
928 2.278960e-05 3.582008e-02 3.086316e-02 2.311596e-05 3.582140e-02 3.083724e-02
929 2.274107e-05 3.576284e-02 3.079450e-02 2.306626e-05 3.575762e-02 3.077155e-02
930 2.266561e-05 3.558221e-02 3.084281e-02 2.304490e-05 3.570478e-02 3.076608e-02
931 2.261610e-05 3.551035e-02 3.077686e-02 2.299553e-05 3.563221e-02 3.070003e-02
932 2.256493e-05 3.543436e-02 3.071443e-02 2.294745e-05 3.556119e-02 3.063492e-02
933 2.251822e-05 3.536241e-02 3.064793e-02 2.289864e-05 3.548632e-02 3.056962e-02
934 2.254506e-05 3.524768e-02 3.063327e-02 2.293049e-05 3.542485e-02 3.053779e-02
935 2.250249e-05 3.516689e-02 3.057240e-02 2.288491e-05 3.535379e-02 3.047437e-02
936 2.245673e-05 3.509240e-02 3.050703e-02 2.283669e-05 3.527835e-02 3.040961e-02
937 2.240242e-05 3.501928e-02 3.045194e-02 2.279083e-05 3.520311e-02 3.035389e-02
938 2.235534e-05 3.494779e-02 3.038683e-02 2.274232e-05 3.512936e-02 3.028962e-02
939 2.238843e-05 3.483590e-02 3.039196e-02 2.278216e-05 3.513762e-02 3.025480e-02
940 2.233005e-05 3.493618e-02 3.033401e-02 2.274432e-05 3.508837e-02 3.024729e-02
941 2.227879e-05 3.486020e-02 3.027565e-02 2.269761e-05 3.501390e-02 3.018741e-02
942 2.223813e-05 3.480032e-02 3.021049e-02 2.265311e-05 3.494317e-02 3.012660e-02
943 2.219568e-05 3.475965e-02 3.014250e-02 2.260716e-05 3.488280e-02 3.006581e-02
944 2.214400e-05 3.472080e-02 3.008144e-02 2.256133e-05 3.481482e-02 3.001415e-02
945 2.212491e-05 3.462962e-02 3.004081e-02 2.254109e-05 3.476331e-02 2.996124e-02
946 2.214491e-05 3.456245e-02 3.000588e-02 2.256133e-05 3.469005e-02 2.993030e-02
947 2.209501e-05 3.454243e-02 2.994019e-02 2.251554e-05 3.463093e-02 2.987791e-02
948 2.201809e-05 3.449394e-02 2.995524e-02 2.248197e-05 3.455846e-02 2.989650e-02
949 2.197140e-05 3.446812e-02 2.988809e-02 2.243463e-05 3.451710e-02 2.983454e-02
950 2.192483e-05 3.459358e-02 2.981453e-02 2.238790e-05 3.453788e-02 2.979930e-02
951 2.188176e-05 3.451996e-02 2.975956e-02 2.234247e-05 3.446543e-02 2.974467e-02
952 2.183414e-05 3.446424e-02 2.970843e-02 2.229644e-05 3.440067e-02 2.969622e-02
953 2.178557e-05 3.455468e-02 2.973933e-02 2.225432e-05 3.440854e-02 2.975464e-02
954 2.173822e-05 3.454645e-02 2.970785e-02 2.220955e-05 3.437443e-02 2.973134e-02
955 2.173978e-05 3.446681e-02 2.979073e-02 2.221404e-05 3.432945e-02 2.980533e-02
956 2.169477e-05 3.448985e-02 2.972887e-02 2.216772e-05 3.434234e-02 2.974714e-02
957 2.165001e-05 3.447185e-02 2.966634e-02 2.212160e-05 3.432422e-02 2.968524e-02
958 2.160291e-05 3.440105e-02 2.962318e-02 2.207602e-05 3.425273e-02 2.964142e-02
959 2.155783e-05 3.433142e-02 2.956144e-02 2.203000e-05 3.418306e-02 2.957964e-02
960 2.153175e-05 3.448190e-02 2.956134e-02 2.199876e-05 3.427344e-02 2.959980e-02
961 2.148597e-05 3.448603e-02 2.953256e-02 2.195357e-05 3.425724e-02 2.957703e-02
962 2.143367e-05 3.441118e-02 2.954953e-02 2.191040e-05 3.419494e-02 2.958783e-02
963 2.139788e-05 3.440583e-02 2.950063e-02 2.187337e-05 3.420406e-02 2.953541e-02
964 2.135449e-05 3.448134e-02 2.944025e-02 2.182814e-05 3.426482e-02 2.947933e-02
965 2.132267e-05 3.440882e-02 2.941641e-02 2.179378e-05 3.419403e-02 2.945600e-02
966 2.127732e-05 3.435111e-02 2.936354e-02 2.174888e-05 3.414099e-02 2.940088e-02
967 2.122972e-05 3.446569e-02 2.932063e-02 2.170578e-05 3.427695e-02 2.934946e-02
968 2.118554e-05 3.440797e-02 2.926964e-02 2.166099e-05 3.421415e-02 2.929974e-02
969 2.116795e-05 3.446687e-02 2.927630e-02 2.163843e-05 3.423311e-02 2.932051e-02
970 2.113254e-05 3.440325e-02 2.923136e-02 2.160068e-05 3.417683e-02 2.927403e-02
971 2.111302e-05 3.432973e-02 2.922473e-02 2.157912e-05 3.410875e-02 2.926685e-02
972 2.106743e-05 3.430206e-02 2.917678e-02 2.153529e-05 3.409067e-02 2.921466e-02
973 2.104692e-05 3.431940e-02 2.916688e-02 2.150978e-05 3.408181e-02 2.921432e-02
974 2.101076e-05 3.433842e-02 2.912937e-02 2.146972e-05 3.408426e-02 2.918287e-02
975 2.096838e-05 3.459684e-02 2.908138e-02 2.142657e-05 3.433259e-02 2.913961e-02
976 2.092661e-05 3.480219e-02 2.902500e-02 2.138415e-05 3.453928e-02 2.908401e-02
977 2.088261e-05 3.482192e-02 2.896567e-02 2.134067e-05 3.455737e-02 2.902472e-02
978 2.084256e-05 3.475496e-02 2.890773e-02 2.129835e-05 3.449149e-02 2.896678e-02
979 2.080638e-05 3.484100e-02 2.884933e-02 2.126100e-05 3.458043e-02 2.890831e-02
980 2.078293e-05 3.477231e-02 2.882229e-02 2.123471e-05 3.451267e-02 2.888168e-02
981 2.074080e-05 3.472745e-02 2.876396e-02 2.119145e-05 3.446724e-02 2.882339e-02
982 2.070438e-05 3.493921e-02 2.870624e-02 2.115496e-05 3.468366e-02 2.876546e-02
983 2.069776e-05 3.488489e-02 2.872672e-02 2.114809e-05 3.462965e-02 2.878672e-02
984 2.066397e-05 3.494001e-02 2.870247e-02 2.111448e-05 3.469470e-02 2.875992e-02
985 2.062632e-05 3.487504e-02 2.864947e-02 2.107383e-05 3.462858e-02 2.870771e-02
986 2.058446e-05 3.495086e-02 2.859104e-02 2.103110e-05 3.470029e-02 2.864997e-02
987 2.054099e-05 3.493530e-02 2.853491e-02 2.098922e-05 3.468525e-02 2.859286e-02
988 2.049766e-05 3.490591e-02 2.854114e-02 2.094760e-05 3.465064e-02 2.860012e-02
989 2.046029e-05 3.496491e-02 2.848773e-02 2.090938e-05 3.471345e-02 2.854638e-02
990 2.041874e-05 3.498969e-02 2.846041e-02 2.086724e-05 3.474353e-02 2.851734e-02
991 2.037770e-05 3.492936e-02 2.840299e-02 2.082516e-05 3.468437e-02 2.845982e-02
992 2.034404e-05 3.498895e-02 2.835499e-02 2.079100e-05 3.474284e-02 2.841339e-02
993 2.030321e-05 3.496470e-02 2.829900e-02 2.074915e-05 3.471786e-02 2.835738e-02
994 2.026499e-05 3.494172e-02 2.824255e-02 2.070922e-05 3.469659e-02 2.830099e-02
995 2.022366e-05 3.487673e-02 2.818918e-02 2.066783e-05 3.463290e-02 2.824716e-02
996 2.017843e-05 3.480775e-02 2.821248e-02 2.062882e-05 3.456745e-02 2.826784e-02
997 2.015601e-05 3.474189e-02 2.822374e-02 2.060343e-05 3.450662e-02 2.827800e-02
998 2.011559e-05 3.467460e-02 2.816721e-02 2.011559e-05 3.467460e-02 2.816721e-02
999 2.007670e-05 3.475169e-02 2.811171e-02 2.007662e-05 3.475604e-02 2.811105e-02
1000 2.003153e-05 3.466461e-02 2.823591e-02 2.004003e-05 3.470672e-02 2.821997e-02
