points normal_cov_trace_ground_trurh(1) normal_cov_trace_incremental(1) center_cov_trace_ground_trurh(1) center_cov_trace_incremental(1)
700 1.712789e-07 1.712789e-07 7.810059e-05 7.810059e-05
701 1.711276e-07 1.711555e-07 7.802326e-05 7.802326e-05
702 1.711085e-07 1.711490e-07 7.796983e-05 7.796983e-05
703 1.706155e-07 1.706460e-07 7.783838e-05 7.783838e-05
704 1.705831e-07 1.706460e-07 7.782463e-05 7.782463e-05
705 1.714703e-07 1.709935e-07 7.787610e-05 7.787610e-05
706 1.714060e-07 1.709278e-07 7.778686e-05 7.778686e-05
707 1.712795e-07 1.707509e-07 7.768849e-05 7.768849e-05
708 1.713809e-07 1.708389e-07 7.771093e-05 7.771093e-05
709 1.713769e-07 1.708357e-07 7.765250e-05 7.765250e-05
710 1.713012e-07 1.707100e-07 7.759838e-05 7.759838e-05
711 1.748506e-07 1.735358e-07 7.777824e-05 7.777824e-05
712 1.749026e-07 1.734946e-07 7.776773e-05 7.776773e-05
713 1.748280e-07 1.733871e-07 7.768050e-05 7.768050e-05
714 1.747050e-07 1.733093e-07 7.765197e-05 7.765197e-05
715 1.746572e-07 1.733294e-07 7.765188e-05 7.765188e-05
716 1.740592e-07 1.725741e-07 7.753826e-05 7.753826e-05
717 1.743788e-07 1.729208e-07 7.759232e-05 7.759232e-05
718 1.742456e-07 1.728216e-07 7.754909e-05 7.754909e-05
719 1.741365e-07 1.727608e-07 7.752380e-05 7.752380e-05
720 1.741364e-07 1.727063e-07 7.749307e-05 7.749307e-05
721 1.742402e-07 1.727653e-07 7.750606e-05 7.750606e-05
722 1.741009e-07 1.725894e-07 7.740290e-05 7.740290e-05
723 1.739997e-07 1.725305e-07 7.737135e-05 7.737135e-05
724 1.741548e-07 1.726826e-07 7.740678e-05 7.740678e-05
725 1.742037e-07 1.727469e-07 7.743269e-05 7.743269e-05
726 1.742215e-07 1.727610e-07 7.742692e-05 7.742692e-05
727 1.742925e-07 1.728084e-07 7.743540e-05 7.743540e-05
728 1.745029e-07 1.730031e-07 7.747414e-05 7.747414e-05
729 1.744127e-07 1.729571e-07 7.744541e-05 7.744541e-05
730 1.740867e-07 1.725542e-07 7.732511e-05 7.732511e-05
731 1.741072e-07 1.725972e-07 7.734274e-05 7.734274e-05
732 1.741029e-07 1.725974e-07 7.732075e-05 7.732075e-05
733 1.740889e-07 1.725984e-07 7.730744e-05 7.730744e-05
734 1.740917e-07 1.725975e-07 7.726554e-05 7.726554e-05
735 1.740791e-07 1.724862e-07 7.724029e-05 7.724029e-05
736 1.740204e-07 1.724462e-07 7.717932e-05 7.717932e-05
737 1.739048e-07 1.722509e-07 7.713377e-05 7.713377e-05
738 1.738736e-07 1.722351e-07 7.707995e-05 7.707995e-05
739 1.738787e-07 1.722318e-07 7.703618e-05 7.703618e-05
740 1.732629e-07 1.716174e-07 7.690709e-05 7.690709e-05
741 1.733001e-07 1.716416e-07 7.690514e-05 7.690514e-05
742 1.731453e-07 1.715007e-07 7.683543e-05 7.683543e-05
743 1.731504e-07 1.714936e-07 7.679223e-05 7.679223e-05
744 1.724641e-07 1.704450e-07 7.671861e-05 7.671861e-05
745 1.723274e-07 1.703465e-07 7.669797e-05 7.669797e-05
746 1.723290e-07 1.703450e-07 7.666605e-05 7.666605e-05
747 1.722446e-07 1.701574e-07 7.663007e-05 7.663007e-05
748 1.719353e-07 1.698149e-07 7.651383e-05 7.651383e-05
749 1.717199e-07 1.695949e-07 7.640777e-05 7.640777e-05
750 1.716387e-07 1.695596e-07 7.638428e-05 7.638428e-05
751 1.713049e-07 1.691749e-07 7.642219e-05 7.642219e-05
752 1.712792e-07 1.691520e-07 7.641013e-05 7.641013e-05
753 1.712440e-07 1.691223e-07 7.639480e-05 7.639480e-05
754 1.711612e-07 1.690326e-07 7.643051e-05 7.643051e-05
755 1.710857e-07 1.688945e-07 7.648745e-05 7.648745e-05
756 1.710708e-07 1.688877e-07 7.647971e-05 7.647971e-05
757 1.708527e-07 1.686672e-07 7.647045e-05 7.647045e-05
758 1.707395e-07 1.685589e-07 7.644868e-05 7.644868e-05
759 1.707161e-07 1.685215e-07 7.646549e-05 7.646549e-05
760 1.706640e-07 1.684728e-07 7.646957e-05 7.646957e-05
761 1.706647e-07 1.684684e-07 7.646943e-05 7.646943e-05
762 1.705550e-07 1.683385e-07 7.650126e-05 7.650126e-05
763 1.705415e-07 1.683328e-07 7.648767e-05 7.648767e-05
764 1.704918e-07 1.682690e-07 7.651139e-05 7.651139e-05
765 1.704173e-07 1.681298e-07 7.657176e-05 7.657176e-05
766 1.701850e-07 1.678966e-07 7.655651e-05 7.655651e-05
767 1.700976e-07 1.678200e-07 7.653009e-05 7.653009e-05
768 1.700846e-07 1.678750e-07 7.662398e-05 7.662398e-05
769 1.700064e-07 1.678103e-07 7.659642e-05 7.659642e-05
770 1.700006e-07 1.677962e-07 7.659746e-05 7.659746e-05
771 1.694567e-07 1.672810e-07 7.657534e-05 7.657534e-05
772 1.692284e-07 1.671095e-07 7.653929e-05 7.653929e-05
773 1.676435e-07 1.651644e-07 7.650818e-05 7.650818e-05
774 1.675411e-07 1.650932e-07 7.649192e-05 7.649192e-05
775 1.674481e-07 1.649938e-07 7.652700e-05 7.652700e-05
776 1.674053e-07 1.649456e-07 7.652206e-05 7.652206e-05
777 1.679390e-07 1.649957e-07 7.664520e-05 7.664520e-05
778 1.678024e-07 1.648953e-07 7.662282e-05 7.662282e-05
779 1.676731e-07 1.647669e-07 7.665088e-05 7.665088e-05
780 1.676163e-07 1.647034e-07 7.665711e-05 7.665711e-05
781 1.673310e-07 1.643694e-07 7.668568e-05 7.668568e-05
782 1.672635e-07 1.643216e-07 7.667246e-05 7.667246e-05
783 1.660224e-07 1.628803e-07 7.661208e-05 7.661208e-05
784 1.659658e-07 1.628230e-07 7.662004e-05 7.662004e-05
785 1.656366e-07 1.625393e-07 7.657135e-05 7.657135e-05
786 1.650635e-07 1.620607e-07 7.651881e-05 7.651881e-05
787 1.650186e-07 1.620093e-07 7.652893e-05 7.652893e-05
788 1.640880e-07 1.611753e-07 7.647445e-05 7.647445e-05
789 1.639745e-07 1.610941e-07 7.644935e-05 7.644935e-05
790 1.642483e-07 1.609663e-07 7.654958e-05 7.654958e-05
791 1.642402e-07 1.609629e-07 7.653309e-05 7.653309e-05
792 1.642281e-07 1.609480e-07 7.652879e-05 7.652879e-05
793 1.639980e-07 1.606608e-07 7.657631e-05 7.657631e-05
794 1.638591e-07 1.605207e-07 7.660345e-05 7.660345e-05
795 1.637418e-07 1.604329e-07 7.657757e-05 7.657757e-05
796 1.634520e-07 1.601727e-07 7.658948e-05 7.658948e-05
797 1.634252e-07 1.601545e-07 7.656332e-05 7.656332e-05
798 1.631477e-07 1.598420e-07 7.657553e-05 7.657553e-05
799 1.631222e-07 1.598073e-07 7.658069e-05 7.658069e-05
800 1.629979e-07 1.629979e-07 7.659658e-05 7.659658e-05
801 1.629573e-07 1.629696e-07 7.651152e-05 7.651152e-05
802 1.627104e-07 1.625254e-07 7.646019e-05 7.646019e-05
803 1.627035e-07 1.625111e-07 7.641093e-05 7.641093e-05
804 1.629024e-07 1.626970e-07 7.641278e-05 7.641278e-05
805 1.628680e-07 1.626618e-07 7.630187e-05 7.630187e-05
806 1.627786e-07 1.625459e-07 7.621771e-05 7.621771e-05
807 1.626564e-07 1.624473e-07 7.614682e-05 7.614682e-05
808 1.623649e-07 1.621435e-07 7.604439e-05 7.604439e-05
809 1.622909e-07 1.620780e-07 7.593948e-05 7.593948e-05
810 1.622542e-07 1.620214e-07 7.586296e-05 7.586296e-05
811 1.619101e-07 1.616311e-07 7.577619e-05 7.577619e-05
812 1.615989e-07 1.613127e-07 7.564935e-05 7.564935e-05
813 1.614182e-07 1.610823e-07 7.557299e-05 7.557299e-05
814 1.614190e-07 1.610818e-07 7.548772e-05 7.548772e-05
815 1.614199e-07 1.610797e-07 7.539866e-05 7.539866e-05
816 1.613256e-07 1.610046e-07 7.532864e-05 7.532864e-05
817 1.605328e-07 1.599671e-07 7.520451e-05 7.520451e-05
818 1.605020e-07 1.599217e-07 7.512063e-05 7.512063e-05
819 1.604768e-07 1.599008e-07 7.502059e-05 7.502059e-05
820 1.603942e-07 1.598364e-07 7.494833e-05 7.494833e-05
821 1.598978e-07 1.591989e-07 7.482932e-05 7.482932e-05
822 1.595716e-07 1.588678e-07 7.469415e-05 7.469415e-05
823 1.595214e-07 1.588310e-07 7.461581e-05 7.461581e-05
824 1.594008e-07 1.587107e-07 7.449675e-05 7.449675e-05
825 1.594413e-07 1.586994e-07 7.447091e-05 7.447091e-05
826 1.593180e-07 1.585929e-07 7.441820e-05 7.441820e-05
827 1.589449e-07 1.581477e-07 7.431223e-05 7.431223e-05
828 1.589397e-07 1.581432e-07 7.423943e-05 7.423943e-05
829 1.589027e-07 1.580449e-07 7.419180e-05 7.419180e-05
830 1.589145e-07 1.580356e-07 7.415902e-05 7.415902e-05
831 1.587328e-07 1.578506e-07 7.404746e-05 7.404746e-05
832 1.585403e-07 1.576306e-07 7.396027e-05 7.396027e-05
833 1.584873e-07 1.575626e-07 7.385645e-05 7.385645e-05
834 1.583301e-07 1.574308e-07 7.380286e-05 7.380286e-05
835 1.583096e-07 1.574106e-07 7.375847e-05 7.375847e-05
836 1.578142e-07 1.567491e-07 7.362730e-05 7.362730e-05
837 1.578031e-07 1.567426e-07 7.355386e-05 7.355386e-05
838 1.578023e-07 1.567406e-07 7.346560e-05 7.346560e-05
839 1.576984e-07 1.566486e-07 7.337789e-05 7.337789e-05
840 1.576491e-07 1.565838e-07 7.327984e-05 7.327984e-05
841 1.576290e-07 1.565566e-07 7.324560e-05 7.324560e-05
842 1.576264e-07 1.565442e-07 7.321838e-05 7.321838e-05
843 1.572330e-07 1.561050e-07 7.308603e-05 7.308603e-05
844 1.573222e-07 1.561885e-07 7.307794e-05 7.307794e-05
845 1.572735e-07 1.561461e-07 7.303253e-05 7.303253e-05
846 1.573905e-07 1.562625e-07 7.302893e-05 7.302893e-05
847 1.573362e-07 1.561840e-07 7.296381e-05 7.296381e-05
848 1.573076e-07 1.561652e-07 7.289238e-05 7.289238e-05
849 1.573448e-07 1.562036e-07 7.287303e-05 7.287303e-05
850 1.573426e-07 1.561969e-07 7.278420e-05 7.278420e-05
851 1.578342e-07 1.566517e-07 7.296612e-05 7.296612e-05
852 1.581683e-07 1.570006e-07 7.328223e-05 7.328223e-05
853 1.585696e-07 1.574074e-07 7.352382e-05 7.352382e-05
854 1.585798e-07 1.574172e-07 7.377339e-05 7.377339e-05
855 1.588878e-07 1.577402e-07 7.406837e-05 7.406837e-05
856 1.589536e-07 1.577993e-07 7.428306e-05 7.428306e-05
857 1.597293e-07 1.584788e-07 7.443344e-05 7.443344e-05
858 1.599115e-07 1.586703e-07 7.472284e-05 7.472284e-05
859 1.601265e-07 1.588992e-07 7.500472e-05 7.500472e-05
860 1.612949e-07 1.598544e-07 7.515008e-05 7.515008e-05
861 1.614214e-07 1.599697e-07 7.534453e-05 7.534453e-05
862 1.619311e-07 1.604768e-07 7.561157e-05 7.561157e-05
863 1.626422e-07 1.610741e-07 7.574103e-05 7.574103e-05
864 1.639198e-07 1.623855e-07 7.609296e-05 7.609296e-05
865 1.644215e-07 1.628521e-07 7.625976e-05 7.625976e-05
866 1.646014e-07 1.630191e-07 7.643596e-05 7.643596e-05
867 1.647073e-07 1.631253e-07 7.664740e-05 7.664740e-05
868 1.655559e-07 1.639852e-07 7.686455e-05 7.686455e-05
869 1.660354e-07 1.644222e-07 7.699397e-05 7.699397e-05
870 1.662620e-07 1.646567e-07 7.721718e-05 7.721718e-05
871 1.665092e-07 1.649112e-07 7.749604e-05 7.749604e-05
872 1.668787e-07 1.652877e-07 7.778339e-05 7.778339e-05
873 1.670298e-07 1.654374e-07 7.802373e-05 7.802373e-05
874 1.690040e-07 1.673907e-07 7.836884e-05 7.836884e-05
875 1.695315e-07 1.679009e-07 7.859310e-05 7.859310e-05
876 1.702723e-07 1.686622e-07 7.889187e-05 7.889187e-05
877 1.706724e-07 1.690587e-07 7.913250e-05 7.913250e-05
878 1.713124e-07 1.696233e-07 7.926914e-05 7.926914e-05
879 1.717061e-07 1.699834e-07 7.939442e-05 7.939442e-05
880 1.724810e-07 1.707860e-07 7.969589e-05 7.969589e-05
881 1.733322e-07 1.716719e-07 8.000812e-05 8.000812e-05
882 1.734818e-07 1.718059e-07 8.016964e-05 8.016964e-05
883 1.736176e-07 1.719538e-07 8.040135e-05 8.040135e-05
884 1.739705e-07 1.722677e-07 8.055639e-05 8.055639e-05
885 1.741326e-07 1.724471e-07 8.081001e-05 8.081001e-05
886 1.762509e-07 1.743861e-07 8.109566e-05 8.109566e-05
887 1.763842e-07 1.745296e-07 8.134318e-05 8.134318e-05
888 1.765908e-07 1.747143e-07 8.152035e-05 8.152035e-05
889 1.767298e-07 1.748474e-07 8.173187e-05 8.173187e-05
890 1.773368e-07 1.754727e-07 8.201970e-05 8.201970e-05
891 1.781891e-07 1.761034e-07 8.212523e-05 8.212523e-05
892 1.786836e-07 1.765904e-07 8.234595e-05 8.234595e-05
893 1.788442e-07 1.767674e-07 8.257298e-05 8.257298e-05
894 1.799348e-07 1.776085e-07 8.270848e-05 8.270848e-05
895 1.850204e-07 1.820308e-07 8.310884e-05 8.310884e-05
896 1.854188e-07 1.823722e-07 8.320750e-05 8.320750e-05
897 1.859898e-07 1.828431e-07 8.333176e-05 8.333176e-05
898 1.877068e-07 1.845408e-07 8.356122e-05 8.356122e-05
899 1.878895e-07 1.878895e-07 8.369518e-05 8.369518e-05
900 1.900212e-07 1.899002e-07 8.400847e-05 8.400847e-05
901 1.895689e-07 1.893705e-07 8.385305e-05 8.385305e-05
902 1.892997e-07 1.890669e-07 8.370186e-05 8.370186e-05
903 1.891472e-07 1.889155e-07 8.356681e-05 8.356681e-05
904 1.891381e-07 1.889111e-07 8.344594e-05 8.344594e-05
905 1.890914e-07 1.888620e-07 8.331319e-05 8.331319e-05
906 1.890366e-07 1.887899e-07 8.318060e-05 8.318060e-05
907 1.888332e-07 1.885576e-07 8.303683e-05 8.303683e-05
908 1.880429e-07 1.876965e-07 8.287645e-05 8.287645e-05
909 1.879818e-07 1.876199e-07 8.275352e-05 8.275352e-05
910 1.877747e-07 1.874131e-07 8.261946e-05 8.261946e-05
911 1.876157e-07 1.872193e-07 8.248838e-05 8.248838e-05
912 1.872374e-07 1.867878e-07 8.234059e-05 8.234059e-05
913 1.870931e-07 1.866614e-07 8.225095e-05 8.225095e-05
914 1.870677e-07 1.866396e-07 8.213957e-05 8.213957e-05
915 1.864054e-07 1.855825e-07 8.205435e-05 8.205435e-05
916 1.863976e-07 1.855665e-07 8.192715e-05 8.192715e-05
917 1.862126e-07 1.853699e-07 8.184835e-05 8.184835e-05
918 1.861905e-07 1.853402e-07 8.172907e-05 8.172907e-05
919 1.860390e-07 1.851907e-07 8.163441e-05 8.163441e-05
920 1.860402e-07 1.851896e-07 8.151402e-05 8.151402e-05
921 1.859340e-07 1.851072e-07 8.141660e-05 8.141660e-05
922 1.858617e-07 1.850191e-07 8.128203e-05 8.128203e-05
923 1.857236e-07 1.849016e-07 8.118028e-05 8.118028e-05
924 1.855873e-07 1.847924e-07 8.108411e-05 8.108411e-05
925 1.854999e-07 1.847052e-07 8.095805e-05 8.095805e-05
926 1.851110e-07 1.842818e-07 8.088440e-05 8.088440e-05
927 1.850550e-07 1.842115e-07 8.075281e-05 8.075281e-05
928 1.849992e-07 1.841712e-07 8.064967e-05 8.064967e-05
929 1.847080e-07 1.838747e-07 8.055269e-05 8.055269e-05
930 1.844995e-07 1.836319e-07 8.041335e-05 8.041335e-05
931 1.842145e-07 1.833652e-07 8.032720e-05 8.032720e-05
932 1.833612e-07 1.823887e-07 8.018383e-05 8.018383e-05
933 1.830336e-07 1.820468e-07 8.008933e-05 8.008933e-05
934 1.830310e-07 1.820394e-07 7.996948e-05 7.996948e-05
935 1.828071e-07 1.818277e-07 7.987266e-05 7.987266e-05
936 1.822276e-07 1.811476e-07 7.972850e-05 7.972850e-05
937 1.821448e-07 1.810454e-07 7.959815e-05 7.959815e-05
938 1.820440e-07 1.809512e-07 7.950735e-05 7.950735e-05
939 1.819228e-07 1.808062e-07 7.938663e-05 7.938663e-05
940 1.819000e-07 1.807912e-07 7.927806e-05 7.927806e-05
941 1.810669e-07 1.798598e-07 7.914160e-05 7.914160e-05
942 1.810412e-07 1.798223e-07 7.901847e-05 7.901847e-05
943 1.801604e-07 1.787259e-07 7.889006e-05 7.889006e-05
944 1.800967e-07 1.786498e-07 7.877817e-05 7.877817e-05
945 1.800748e-07 1.786219e-07 7.866752e-05 7.866752e-05
946 1.796241e-07 1.781761e-07 7.855677e-05 7.855677e-05
947 1.792875e-07 1.778282e-07 7.845993e-05 7.845993e-05
948 1.792647e-07 1.778142e-07 7.835696e-05 7.835696e-05
949 1.791841e-07 1.777424e-07 7.824645e-05 7.824645e-05
950 1.789479e-07 1.774760e-07 7.811732e-05 7.811732e-05
951 1.782657e-07 1.767029e-07 7.799481e-05 7.799481e-05
952 1.778632e-07 1.762549e-07 7.786722e-05 7.786722e-05
953 1.776778e-07 1.760425e-07 7.774250e-05 7.774250e-05
954 1.770819e-07 1.753260e-07 7.763977e-05 7.763977e-05
955 1.770273e-07 1.752562e-07 7.750805e-05 7.750805e-05
956 1.769762e-07 1.751909e-07 7.737618e-05 7.737618e-05
957 1.762776e-07 1.742685e-07 7.728052e-05 7.728052e-05
958 1.762051e-07 1.741794e-07 7.715078e-05 7.715078e-05
959 1.760636e-07 1.740541e-07 7.700836e-05 7.700836e-05
960 1.760208e-07 1.740142e-07 7.686525e-05 7.686525e-05
961 1.755981e-07 1.734753e-07 7.676018e-05 7.676018e-05
962 1.747189e-07 1.726077e-07 7.660729e-05 7.660729e-05
963 1.746823e-07 1.725705e-07 7.647197e-05 7.647197e-05
964 1.741296e-07 1.720130e-07 7.632541e-05 7.632541e-05
965 1.739788e-07 1.718616e-07 7.618504e-05 7.618504e-05
966 1.736821e-07 1.715813e-07 7.604602e-05 7.604602e-05
967 1.735250e-07 1.714009e-07 7.592608e-05 7.592608e-05
968 1.734677e-07 1.713450e-07 7.579276e-05 7.579276e-05
969 1.732740e-07 1.711257e-07 7.567676e-05 7.567676e-05
970 1.729627e-07 1.708045e-07 7.553161e-05 7.553161e-05
971 1.722876e-07 1.699633e-07 7.545478e-05 7.545478e-05
972 1.718694e-07 1.695096e-07 7.530952e-05 7.530952e-05
973 1.717720e-07 1.694176e-07 7.516845e-05 7.516845e-05
974 1.711342e-07 1.686188e-07 7.505898e-05 7.505898e-05
975 1.711029e-07 1.685774e-07 7.493167e-05 7.493167e-05
976 1.710740e-07 1.685522e-07 7.479865e-05 7.479865e-05
977 1.700589e-07 1.673550e-07 7.466540e-05 7.466540e-05
978 1.699831e-07 1.672930e-07 7.452800e-05 7.452800e-05
979 1.697315e-07 1.670140e-07 7.441978e-05 7.441978e-05
980 1.689777e-07 1.662324e-07 7.427580e-05 7.427580e-05
981 1.687908e-07 1.660096e-07 7.416297e-05 7.416297e-05
982 1.683754e-07 1.656164e-07 7.403714e-05 7.403714e-05
983 1.678352e-07 1.649313e-07 7.393363e-05 7.393363e-05
984 1.678263e-07 1.649257e-07 7.380189e-05 7.380189e-05
985 1.668772e-07 1.640260e-07 7.365501e-05 7.365501e-05
986 1.668494e-07 1.639892e-07 7.353160e-05 7.353160e-05
987 1.667446e-07 1.638791e-07 7.340681e-05 7.340681e-05
988 1.654539e-07 1.623555e-07 7.326362e-05 7.326362e-05
989 1.649836e-07 1.618399e-07 7.312369e-05 7.312369e-05
990 1.647837e-07 1.616099e-07 7.301631e-05 7.301631e-05
991 1.643921e-07 1.612403e-07 7.287646e-05 7.287646e-05
992 1.643806e-07 1.612247e-07 7.275268e-05 7.275268e-05
993 1.643522e-07 1.611882e-07 7.263110e-05 7.263110e-05
994 1.641059e-07 1.608769e-07 7.252371e-05 7.252371e-05
995 1.639896e-07 1.607774e-07 7.238896e-05 7.238896e-05
996 1.639654e-07 1.607479e-07 7.226785e-05 7.226785e-05
997 1.636567e-07 1.604564e-07 7.212975e-05 7.212975e-05
998 1.634223e-07 1.634223e-07 7.202353e-05 7.202353e-05
999 1.629618e-07 1.629281e-07 7.189730e-05 7.189730e-05
1000 1.625765e-07 1.625249e-07 7.178753e-05 7.178753e-05
