points lambda_BALM lambda_LUFA normal_center_BALM normal_center_LUFA
200 1.875100e-02 1.276000e-03 6.107700e-02 4.222000e-03
201 1.875100e-02 1.276000e-03 6.107700e-02 4.222000e-03
202 1.460800e-02 7.480000e-04 6.325900e-02 2.868000e-03
203 1.492800e-02 7.220000e-04 5.261200e-02 2.887000e-03
204 1.478200e-02 6.740000e-04 5.291700e-02 2.830000e-03
205 1.481500e-02 5.890000e-04 5.315900e-02 2.877000e-03
206 1.563800e-02 1.087000e-03 5.429200e-02 2.880000e-03
207 1.515900e-02 5.360000e-04 5.538800e-02 2.859000e-03
208 1.505100e-02 5.200000e-04 5.972400e-02 2.844000e-03
209 1.519200e-02 1.003000e-03 6.238200e-02 3.095000e-03
210 1.529900e-02 5.840000e-04 5.438900e-02 2.833000e-03
211 1.519000e-02 5.290000e-04 5.445100e-02 2.847000e-03
212 1.529600e-02 5.040000e-04 5.459600e-02 2.791000e-03
213 1.534100e-02 7.020000e-04 5.487300e-02 2.846000e-03
214 1.532800e-02 6.890000e-04 5.534800e-02 2.795000e-03
215 1.545200e-02 6.340000e-04 5.548700e-02 2.752000e-03
216 1.554900e-02 5.590000e-04 5.589800e-02 3.081000e-03
217 1.870600e-02 5.480000e-04 5.650700e-02 3.084000e-03
218 1.580500e-02 6.850000e-04 5.655400e-02 3.133000e-03
219 1.587300e-02 6.780000e-04 5.685100e-02 3.007000e-03
220 1.591200e-02 5.360000e-04 5.694400e-02 3.047000e-03
221 1.605200e-02 5.580000e-04 5.692200e-02 2.808000e-03
222 1.604800e-02 5.760000e-04 5.718900e-02 2.788000e-03
223 1.602100e-02 5.670000e-04 5.734500e-02 2.814000e-03
224 1.612100e-02 7.280000e-04 5.776900e-02 2.819000e-03
225 1.615100e-02 5.840000e-04 6.517400e-02 3.186000e-03
226 1.629300e-02 6.240000e-04 5.850900e-02 3.042000e-03
227 1.633900e-02 6.240000e-04 5.873200e-02 3.562000e-03
228 1.639400e-02 6.220000e-04 5.888600e-02 3.407000e-03
229 1.652000e-02 6.870000e-04 5.979200e-02 3.180000e-03
230 1.664700e-02 6.040000e-04 6.004100e-02 3.143000e-03
231 1.664200e-02 6.410000e-04 6.006700e-02 3.254000e-03
232 1.677900e-02 6.120000e-04 6.011200e-02 3.238000e-03
233 1.689000e-02 6.440000e-04 6.033200e-02 3.116000e-03
234 1.689700e-02 5.120000e-04 6.073900e-02 3.296000e-03
235 1.701100e-02 6.670000e-04 6.139400e-02 3.242000e-03
236 1.702100e-02 6.600000e-04 9.360200e-02 4.937000e-03
237 1.702900e-02 7.020000e-04 6.480300e-02 5.340000e-03
238 2.905600e-02 1.038000e-03 1.081790e-01 4.246000e-03
239 2.054800e-02 7.620000e-04 6.261500e-02 3.640000e-03
240 1.726400e-02 6.730000e-04 6.230500e-02 3.205000e-03
241 2.070200e-02 6.620000e-04 6.214000e-02 2.978000e-03
242 1.745500e-02 9.900000e-04 6.296000e-02 2.950000e-03
243 2.087600e-02 6.890000e-04 6.224500e-02 2.841000e-03
244 1.751800e-02 6.800000e-04 6.287200e-02 2.920000e-03
245 2.097900e-02 6.580000e-04 6.331700e-02 2.954000e-03
246 1.762900e-02 6.270000e-04 6.323400e-02 2.912000e-03
247 1.773100e-02 5.510000e-04 6.375000e-02 2.983000e-03
248 1.779500e-02 5.940000e-04 6.378000e-02 2.901000e-03
249 1.792000e-02 5.670000e-04 6.407800e-02 2.964000e-03
250 1.793500e-02 7.110000e-04 6.435400e-02 2.853000e-03
251 1.804300e-02 6.010000e-04 6.472900e-02 2.929000e-03
252 1.805600e-02 6.240000e-04 6.476500e-02 2.864000e-03
253 1.814800e-02 6.120000e-04 6.511800e-02 4.520000e-03
254 1.825800e-02 6.870000e-04 7.260500e-02 3.214000e-03
255 1.839800e-02 6.410000e-04 6.561700e-02 2.986000e-03
256 1.837300e-02 5.790000e-04 6.580800e-02 2.878000e-03
257 1.848000e-02 7.410000e-04 6.609200e-02 2.859000e-03
258 1.854100e-02 6.450000e-04 6.627900e-02 2.892000e-03
259 1.866200e-02 6.390000e-04 6.653100e-02 2.860000e-03
260 1.889900e-02 6.710000e-04 6.689500e-02 2.943000e-03
261 1.879100e-02 6.950000e-04 6.705500e-02 2.921000e-03
262 1.886700e-02 7.240000e-04 6.732400e-02 2.886000e-03
263 1.892000e-02 6.870000e-04 6.754900e-02 2.877000e-03
264 1.898900e-02 6.200000e-04 6.781200e-02 2.820000e-03
265 1.915200e-02 7.210000e-04 6.817800e-02 2.940000e-03
266 1.922700e-02 6.700000e-04 6.827800e-02 2.918000e-03
267 1.903500e-02 6.260000e-04 6.880600e-02 5.612000e-03
268 1.925700e-02 7.550000e-04 6.960700e-02 3.291000e-03
269 1.931000e-02 7.430000e-04 6.916000e-02 3.159000e-03
270 1.936100e-02 7.050000e-04 6.945800e-02 3.145000e-03
271 1.942900e-02 6.540000e-04 6.959800e-02 3.157000e-03
272 1.942600e-02 6.650000e-04 7.663600e-02 3.423000e-03
273 1.966300e-02 6.890000e-04 7.042700e-02 3.294000e-03
274 1.964900e-02 6.610000e-04 7.044500e-02 3.170000e-03
275 1.988000e-02 6.410000e-04 7.074500e-02 3.200000e-03
276 1.987500e-02 6.210000e-04 7.090500e-02 3.168000e-03
277 1.989200e-02 6.640000e-04 7.112300e-02 3.253000e-03
278 1.998400e-02 7.040000e-04 7.129900e-02 3.210000e-03
279 2.006200e-02 6.190000e-04 7.155800e-02 3.142000e-03
280 2.011900e-02 6.550000e-04 7.197700e-02 3.142000e-03
281 2.006600e-02 6.550000e-04 7.208000e-02 3.142000e-03
282 2.372700e-02 6.140000e-04 7.645200e-02 3.310000e-03
283 2.024000e-02 6.750000e-04 7.264600e-02 3.091000e-03
284 2.036900e-02 7.420000e-04 7.282600e-02 3.215000e-03
285 2.054100e-02 6.410000e-04 7.310200e-02 3.120000e-03
286 2.059000e-02 7.230000e-04 7.315100e-02 3.265000e-03
287 2.059600e-02 6.150000e-04 7.387200e-02 3.322000e-03
288 2.062400e-02 6.060000e-04 7.382000e-02 3.113000e-03
289 2.074600e-02 6.140000e-04 7.405000e-02 3.163000e-03
290 2.070300e-02 6.910000e-04 7.438200e-02 3.129000e-03
291 2.084900e-02 6.770000e-04 7.443400e-02 2.988000e-03
292 2.090800e-02 6.290000e-04 7.468000e-02 2.978000e-03
293 2.087200e-02 6.550000e-04 7.490100e-02 2.937000e-03
294 2.106700e-02 7.100000e-04 7.518300e-02 3.059000e-03
295 2.099600e-02 6.330000e-04 7.531000e-02 2.883000e-03
296 2.132600e-02 6.530000e-04 7.580400e-02 3.188000e-03
297 2.124200e-02 6.310000e-04 7.578600e-02 2.883000e-03
298 2.136600e-02 6.390000e-04 7.607800e-02 2.915000e-03
299 2.134100e-02 6.720000e-04 7.646300e-02 2.915000e-03
300 2.149800e-02 1.858900e-02 7.648900e-02 2.605300e-02
301 2.147900e-02 6.630000e-04 7.694000e-02 2.915000e-03
302 2.169000e-02 7.290000e-04 7.723600e-02 3.005000e-03
303 2.167400e-02 6.140000e-04 7.743600e-02 2.914000e-03
304 2.182700e-02 7.100000e-04 7.748200e-02 3.003000e-03
305 2.653700e-02 6.390000e-04 7.768200e-02 2.898000e-03
306 2.197500e-02 7.180000e-04 7.787600e-02 2.983000e-03
307 2.195200e-02 7.210000e-04 9.289400e-02 2.839000e-03
308 2.198000e-02 6.390000e-04 8.652500e-02 3.179000e-03
309 2.209400e-02 6.690000e-04 7.825500e-02 2.915000e-03
310 2.200700e-02 7.020000e-04 7.834900e-02 2.913000e-03
311 2.251100e-02 6.700000e-04 7.866800e-02 2.846000e-03
312 2.236800e-02 6.850000e-04 7.904000e-02 2.930000e-03
313 2.242400e-02 6.560000e-04 7.919800e-02 2.888000e-03
314 2.254000e-02 5.850000e-04 7.967000e-02 2.972000e-03
315 2.260400e-02 7.140000e-04 7.989100e-02 2.860000e-03
316 2.258900e-02 6.890000e-04 8.914400e-02 2.978000e-03
317 2.266600e-02 6.470000e-04 8.024100e-02 2.861000e-03
318 2.273000e-02 6.430000e-04 8.050500e-02 2.906000e-03
319 2.273200e-02 5.780000e-04 8.081700e-02 2.846000e-03
320 2.280900e-02 6.650000e-04 8.135000e-02 3.100000e-03
321 2.303100e-02 7.000000e-04 8.250700e-02 3.465000e-03
322 2.320100e-02 7.750000e-04 8.214700e-02 3.370000e-03
323 2.310500e-02 6.650000e-04 8.251900e-02 3.257000e-03
324 2.312000e-02 6.550000e-04 8.263500e-02 3.287000e-03
325 2.337700e-02 6.410000e-04 8.305300e-02 3.317000e-03
326 2.324700e-02 6.410000e-04 8.281200e-02 2.985000e-03
327 2.338000e-02 6.500000e-04 8.290900e-02 3.146000e-03
328 2.334700e-02 6.500000e-04 8.354700e-02 3.220000e-03
329 2.354800e-02 7.150000e-04 8.404800e-02 4.778000e-03
330 2.380700e-02 7.450000e-04 8.434700e-02 3.023000e-03
331 2.365200e-02 6.990000e-04 8.452000e-02 3.350000e-03
332 2.377200e-02 6.460000e-04 9.222600e-02 3.676000e-03
333 2.856000e-02 7.350000e-04 8.443600e-02 3.246000e-03
334 2.395800e-02 6.310000e-04 8.455100e-02 3.199000e-03
335 2.387000e-02 6.660000e-04 8.544500e-02 3.240000e-03
336 2.406500e-02 8.910000e-04 8.495500e-02 3.334000e-03
337 2.986500e-02 7.700000e-04 8.568400e-02 3.213000e-03
338 2.409200e-02 6.300000e-04 8.527500e-02 3.238000e-03
339 2.421200e-02 6.320000e-04 8.582800e-02 3.174000e-03
340 2.427100e-02 7.210000e-04 8.586700e-02 3.262000e-03
341 2.427300e-02 6.010000e-04 8.613900e-02 3.185000e-03
342 2.442400e-02 6.540000e-04 8.658000e-02 3.273000e-03
343 2.449700e-02 6.040000e-04 8.728800e-02 3.587000e-03
344 2.483200e-02 7.030000e-04 8.680900e-02 3.274000e-03
345 2.454300e-02 6.600000e-04 1.180940e-01 3.531000e-03
346 2.471100e-02 7.170000e-04 8.725700e-02 3.183000e-03
347 2.474200e-02 6.190000e-04 8.794700e-02 3.170000e-03
348 2.476500e-02 6.490000e-04 9.757900e-02 6.031000e-03
349 6.470000e-02 9.760000e-04 1.210790e-01 7.464000e-03
350 3.945800e-02 1.340000e-03 9.939300e-02 4.099000e-03
351 2.526700e-02 7.200000e-04 1.314450e-01 4.288000e-03
352 2.971900e-02 7.560000e-04 9.024300e-02 3.522000e-03
353 2.528500e-02 6.670000e-04 8.963100e-02 3.733000e-03
354 2.533600e-02 7.030000e-04 9.024800e-02 3.639000e-03
355 2.568100e-02 7.620000e-04 9.061200e-02 3.067000e-03
356 3.875700e-02 9.140000e-04 1.234610e-01 4.959000e-03
357 3.713200e-02 8.440000e-04 1.309610e-01 6.028000e-03
358 3.996200e-02 1.054000e-03 1.256580e-01 5.139000e-03
359 3.730300e-02 8.910000e-04 1.252030e-01 5.204000e-03
360 3.877600e-02 1.060000e-03 1.352890e-01 5.734000e-03
361 3.781300e-02 1.016000e-03 1.267460e-01 5.147000e-03
362 3.887000e-02 1.120000e-03 1.580930e-01 8.609000e-03
363 4.149300e-02 9.310000e-04 9.316200e-02 3.047000e-03
364 2.613800e-02 7.450000e-04 9.739600e-02 3.508000e-03
365 2.627900e-02 8.130000e-04 1.169920e-01 5.391000e-03
366 2.838100e-02 8.320000e-04 9.282600e-02 3.027000e-03
367 2.636600e-02 5.960000e-04 9.228500e-02 2.928000e-03
368 2.631900e-02 6.230000e-04 9.244500e-02 2.922000e-03
369 2.632300e-02 6.430000e-04 9.344300e-02 3.039000e-03
370 2.640300e-02 6.830000e-04 9.360400e-02 2.974000e-03
371 2.653700e-02 6.680000e-04 9.388600e-02 3.024000e-03
372 2.657400e-02 6.130000e-04 9.407100e-02 3.015000e-03
373 2.658800e-02 6.630000e-04 1.042320e-01 4.950000e-03
374 2.677200e-02 7.690000e-04 9.477400e-02 3.164000e-03
375 2.686500e-02 6.580000e-04 9.474200e-02 2.994000e-03
376 2.682100e-02 7.270000e-04 9.509700e-02 3.093000e-03
377 2.687500e-02 6.790000e-04 9.522900e-02 2.999000e-03
378 2.722200e-02 7.080000e-04 9.557900e-02 3.137000e-03
379 2.700000e-02 7.170000e-04 9.560800e-02 2.949000e-03
380 2.715400e-02 6.590000e-04 9.568600e-02 2.991000e-03
381 2.713500e-02 5.950000e-04 9.587800e-02 2.922000e-03
382 2.718900e-02 6.160000e-04 9.670900e-02 3.170000e-03
383 2.729100e-02 6.700000e-04 9.680900e-02 2.980000e-03
384 2.738100e-02 6.880000e-04 1.037220e-01 3.108000e-03
385 2.744400e-02 6.710000e-04 9.701300e-02 2.981000e-03
386 2.736400e-02 6.410000e-04 9.712100e-02 3.009000e-03
387 2.767100e-02 5.980000e-04 9.741400e-02 2.942000e-03
388 2.757800e-02 5.950000e-04 9.813300e-02 3.022000e-03
389 2.770600e-02 6.480000e-04 9.824100e-02 3.055000e-03
390 2.769900e-02 6.050000e-04 9.851000e-02 3.041000e-03
391 2.787300e-02 6.280000e-04 9.884300e-02 3.036000e-03
392 2.797600e-02 6.640000e-04 9.894100e-02 3.065000e-03
393 2.793300e-02 6.620000e-04 9.888800e-02 2.965000e-03
394 2.799600e-02 6.780000e-04 9.962700e-02 3.173000e-03
395 2.817000e-02 6.570000e-04 9.976700e-02 3.088000e-03
396 2.833300e-02 7.740000e-04 1.088020e-01 3.066000e-03
397 2.842600e-02 6.540000e-04 1.035320e-01 3.187000e-03
398 2.843700e-02 7.610000e-04 1.004510e-01 3.094000e-03
399 2.841000e-02 6.240000e-04 1.003080e-01 2.812000e-03
400 2.848400e-02 2.463100e-02 1.010750e-01 3.349600e-02
401 2.845300e-02 6.620000e-04 1.012300e-01 3.072000e-03
402 2.861000e-02 7.110000e-04 1.011000e-01 2.800000e-03
403 2.876700e-02 6.210000e-04 1.018400e-01 3.053000e-03
404 2.877100e-02 7.050000e-04 1.021270e-01 3.232000e-03
405 2.881600e-02 5.960000e-04 1.021190e-01 3.096000e-03
406 2.892800e-02 6.460000e-04 1.025000e-01 3.057000e-03
407 2.903200e-02 6.520000e-04 1.030600e-01 3.301000e-03
408 2.920000e-02 7.850000e-04 1.035770e-01 3.342000e-03
409 2.926000e-02 7.330000e-04 1.036260e-01 3.292000e-03
410 2.920100e-02 6.970000e-04 1.037660e-01 3.388000e-03
411 2.931100e-02 6.290000e-04 1.035570e-01 3.101000e-03
412 2.933900e-02 6.330000e-04 1.037600e-01 3.384000e-03
413 2.939100e-02 6.600000e-04 1.041980e-01 3.045000e-03
414 2.953000e-02 6.500000e-04 1.042620e-01 3.106000e-03
415 2.946900e-02 6.600000e-04 1.127630e-01 3.474000e-03
416 2.969800e-02 6.840000e-04 1.062090e-01 3.073000e-03
417 2.959200e-02 6.740000e-04 1.052650e-01 3.174000e-03
418 2.992900e-02 6.920000e-04 1.054800e-01 3.077000e-03
419 2.987200e-02 7.410000e-04 1.057210e-01 3.128000e-03
420 2.991300e-02 7.080000e-04 1.059840e-01 3.184000e-03
421 2.993500e-02 6.920000e-04 1.058770e-01 3.069000e-03
422 3.004300e-02 7.210000e-04 1.061020e-01 3.098000e-03
423 3.007000e-02 6.610000e-04 1.060800e-01 3.032000e-03
424 3.689300e-02 5.650000e-04 1.139740e-01 3.335000e-03
425 3.033900e-02 6.450000e-04 1.121210e-01 3.285000e-03
426 3.061500e-02 6.900000e-04 1.064690e-01 2.930000e-03
427 3.024400e-02 6.190000e-04 1.064680e-01 2.722000e-03
428 3.044200e-02 5.810000e-04 1.079920e-01 2.787000e-03
429 3.047600e-02 9.180000e-04 1.413950e-01 3.489000e-03
430 3.063900e-02 7.590000e-04 1.073250e-01 2.788000e-03
431 3.060600e-02 5.910000e-04 1.075800e-01 2.695000e-03
432 3.072500e-02 6.260000e-04 1.075720e-01 2.687000e-03
433 3.072900e-02 6.080000e-04 1.199540e-01 5.672000e-03
434 7.728000e-02 9.120000e-04 1.748330e-01 4.699000e-03
435 3.115400e-02 9.240000e-04 1.103670e-01 3.239000e-03
436 3.112800e-02 7.110000e-04 1.209840e-01 3.619000e-03
437 3.110200e-02 6.710000e-04 1.093080e-01 3.027000e-03
438 3.130400e-02 7.030000e-04 1.102490e-01 3.083000e-03
439 3.111900e-02 6.610000e-04 1.106730e-01 3.042000e-03
440 3.135200e-02 6.600000e-04 1.109810e-01 3.130000e-03
441 3.139600e-02 6.190000e-04 1.270460e-01 3.717000e-03
442 3.156200e-02 7.380000e-04 1.107300e-01 3.102000e-03
443 3.147000e-02 6.870000e-04 1.130990e-01 3.079000e-03
444 3.162300e-02 6.650000e-04 1.117210e-01 3.102000e-03
445 3.165400e-02 6.480000e-04 1.118310e-01 3.057000e-03
446 3.187400e-02 7.140000e-04 1.256170e-01 3.714000e-03
447 3.184300e-02 7.620000e-04 1.916320e-01 5.918000e-03
448 5.266800e-02 1.097000e-03 1.604500e-01 5.276000e-03
449 3.270400e-02 7.600000e-04 1.130800e-01 3.198000e-03
450 3.208700e-02 7.540000e-04 1.132280e-01 3.080000e-03
451 3.217400e-02 6.140000e-04 1.137540e-01 3.111000e-03
452 3.220000e-02 6.420000e-04 1.242750e-01 3.781000e-03
453 3.223000e-02 6.920000e-04 1.143440e-01 3.452000e-03
454 3.227100e-02 6.130000e-04 1.144440e-01 3.440000e-03
455 3.241600e-02 6.550000e-04 1.145020e-01 3.097000e-03
456 3.871300e-02 6.550000e-04 1.148440e-01 3.083000e-03
457 3.263000e-02 6.600000e-04 1.147520e-01 3.346000e-03
458 3.251300e-02 6.540000e-04 1.153210e-01 3.474000e-03
459 3.258400e-02 6.800000e-04 1.161510e-01 3.466000e-03
460 3.283500e-02 6.780000e-04 1.159690e-01 3.429000e-03
461 3.291900e-02 6.920000e-04 1.164020e-01 3.455000e-03
462 3.285100e-02 6.890000e-04 1.163580e-01 3.402000e-03
463 3.289700e-02 6.950000e-04 1.164040e-01 3.157000e-03
464 3.293800e-02 6.880000e-04 1.162470e-01 3.034000e-03
465 3.303900e-02 6.870000e-04 1.174470e-01 3.441000e-03
466 3.310900e-02 6.900000e-04 1.171600e-01 3.148000e-03
467 3.311200e-02 6.720000e-04 1.176970e-01 3.512000e-03
468 3.326600e-02 6.380000e-04 1.179220e-01 3.422000e-03
469 3.328400e-02 7.170000e-04 1.182930e-01 3.495000e-03
470 3.342000e-02 6.750000e-04 1.257120e-01 3.678000e-03
471 4.079100e-02 8.220000e-04 1.188620e-01 3.320000e-03
472 3.345900e-02 6.440000e-04 1.184350e-01 3.312000e-03
473 3.357200e-02 6.670000e-04 1.186900e-01 3.382000e-03
474 3.366500e-02 6.340000e-04 1.195190e-01 3.444000e-03
475 3.375700e-02 6.810000e-04 1.198140e-01 3.442000e-03
476 3.385600e-02 6.510000e-04 1.199770e-01 3.451000e-03
477 3.388100e-02 6.740000e-04 1.201080e-01 3.421000e-03
478 3.388000e-02 6.500000e-04 1.200330e-01 3.322000e-03
479 3.404500e-02 6.130000e-04 1.199170e-01 3.075000e-03
480 3.400500e-02 6.230000e-04 1.202220e-01 2.997000e-03
481 3.420100e-02 6.220000e-04 1.199670e-01 3.002000e-03
482 3.414300e-02 7.010000e-04 1.206330e-01 3.004000e-03
483 3.423900e-02 6.140000e-04 1.210390e-01 3.022000e-03
484 3.434500e-02 5.780000e-04 1.210490e-01 3.019000e-03
485 3.443900e-02 6.310000e-04 1.213160e-01 3.049000e-03
486 3.440700e-02 6.550000e-04 1.215670e-01 3.002000e-03
487 3.460000e-02 6.500000e-04 1.214320e-01 3.021000e-03
488 3.446600e-02 6.430000e-04 1.287840e-01 3.412000e-03
489 3.473800e-02 6.650000e-04 1.220720e-01 3.000000e-03
490 3.478800e-02 6.190000e-04 1.220940e-01 2.967000e-03
491 3.491200e-02 6.500000e-04 1.227450e-01 3.350000e-03
492 3.489200e-02 6.330000e-04 1.228010e-01 3.185000e-03
493 3.493200e-02 6.160000e-04 1.232970e-01 3.289000e-03
494 3.501300e-02 5.740000e-04 1.336760e-01 3.737000e-03
495 3.507900e-02 6.480000e-04 1.235890e-01 3.330000e-03
496 3.543500e-02 6.190000e-04 1.242800e-01 3.552000e-03
497 3.528600e-02 6.770000e-04 1.240380e-01 3.293000e-03
498 3.535700e-02 6.220000e-04 1.245290e-01 3.513000e-03
499 3.535500e-02 6.690000e-04 1.261330e-01 3.670000e-03
500 3.539600e-02 3.050100e-02 1.258460e-01 4.147500e-02
501 3.568100e-02 6.790000e-04 1.262740e-01 3.445000e-03
502 3.567500e-02 6.580000e-04 1.260850e-01 3.413000e-03
503 3.757700e-02 6.384000e-03 1.417170e-01 4.072000e-03
504 3.595100e-02 7.620000e-04 1.257780e-01 2.984000e-03
505 3.587700e-02 6.280000e-04 1.336870e-01 3.408000e-03
506 3.593500e-02 6.510000e-04 1.260320e-01 3.016000e-03
507 3.608600e-02 6.760000e-04 1.274080e-01 3.174000e-03
508 3.635300e-02 6.970000e-04 1.444880e-01 6.921000e-03
509 6.694300e-02 1.099000e-03 1.278930e-01 3.235000e-03
510 3.656600e-02 7.130000e-04 1.273910e-01 2.962000e-03
511 5.463900e-02 7.800000e-04 1.279110e-01 3.061000e-03
512 3.650900e-02 5.880000e-04 1.274030e-01 2.899000e-03
513 3.668500e-02 6.550000e-04 1.279950e-01 3.322000e-03
514 3.644800e-02 6.660000e-04 1.344660e-01 3.725000e-03
515 3.652400e-02 6.740000e-04 1.347920e-01 3.685000e-03
516 3.662500e-02 6.260000e-04 1.283430e-01 2.941000e-03
517 3.667600e-02 6.550000e-04 1.291630e-01 3.286000e-03
518 3.700200e-02 7.050000e-04 1.294490e-01 3.290000e-03
519 3.688600e-02 7.290000e-04 1.295050e-01 3.275000e-03
520 3.690800e-02 6.930000e-04 1.297550e-01 3.296000e-03
521 3.704000e-02 6.830000e-04 1.298740e-01 3.331000e-03
522 4.235500e-02 6.810000e-04 1.304030e-01 3.303000e-03
523 3.718200e-02 6.360000e-04 1.304790e-01 3.270000e-03
524 3.717900e-02 6.520000e-04 1.306810e-01 3.307000e-03
525 3.723900e-02 6.610000e-04 1.309450e-01 3.296000e-03
526 3.739700e-02 6.590000e-04 1.323560e-01 3.377000e-03
527 3.738000e-02 7.420000e-04 1.324250e-01 3.295000e-03
528 3.740800e-02 7.120000e-04 1.327130e-01 3.459000e-03
529 3.759800e-02 6.560000e-04 1.327920e-01 3.379000e-03
530 3.762600e-02 6.850000e-04 1.331150e-01 3.483000e-03
531 3.767000e-02 6.980000e-04 1.333310e-01 3.499000e-03
532 3.772300e-02 6.070000e-04 1.336630e-01 3.425000e-03
533 3.786100e-02 6.920000e-04 1.338170e-01 3.458000e-03
534 3.788600e-02 6.710000e-04 1.343820e-01 3.448000e-03
535 3.793800e-02 6.020000e-04 1.346310e-01 3.504000e-03
536 3.800800e-02 6.420000e-04 1.347060e-01 3.650000e-03
537 3.817700e-02 6.070000e-04 1.347590e-01 3.455000e-03
538 3.809700e-02 6.770000e-04 1.402120e-01 3.660000e-03
539 3.833900e-02 6.430000e-04 1.359220e-01 3.640000e-03
540 3.824700e-02 6.690000e-04 1.359870e-01 3.786000e-03
541 3.843100e-02 6.800000e-04 1.360500e-01 3.802000e-03
542 3.846700e-02 6.580000e-04 1.367160e-01 3.685000e-03
543 3.854200e-02 6.840000e-04 1.364480e-01 3.725000e-03
544 3.851100e-02 7.010000e-04 1.368430e-01 3.776000e-03
545 3.869200e-02 6.260000e-04 1.371020e-01 3.796000e-03
546 3.873400e-02 6.720000e-04 1.371470e-01 3.809000e-03
547 3.885400e-02 6.620000e-04 1.375940e-01 3.887000e-03
548 3.875300e-02 6.420000e-04 1.390160e-01 4.261000e-03
549 3.888600e-02 6.990000e-04 1.384220e-01 4.045000e-03
550 3.929700e-02 7.200000e-04 1.382690e-01 3.694000e-03
551 3.912000e-02 7.230000e-04 1.389080e-01 3.649000e-03
552 3.912300e-02 6.950000e-04 1.389110e-01 3.598000e-03
553 3.928600e-02 6.980000e-04 1.390590e-01 3.652000e-03
554 3.942600e-02 7.120000e-04 1.421210e-01 3.789000e-03
555 3.930300e-02 6.910000e-04 1.456680e-01 4.042000e-03
556 3.947600e-02 7.050000e-04 1.400760e-01 3.630000e-03
557 3.958400e-02 6.700000e-04 1.399960e-01 3.682000e-03
558 3.968200e-02 6.610000e-04 1.401790e-01 3.854000e-03
559 3.964800e-02 6.610000e-04 1.413100e-01 3.654000e-03
560 3.973900e-02 6.430000e-04 1.408230e-01 3.753000e-03
561 3.973500e-02 6.640000e-04 1.410700e-01 3.836000e-03
562 3.984200e-02 6.630000e-04 1.407940e-01 3.469000e-03
563 3.979800e-02 7.350000e-04 1.404630e-01 3.307000e-03
564 4.022200e-02 6.690000e-04 1.479030e-01 3.703000e-03
565 5.955300e-02 6.990000e-04 1.407560e-01 3.348000e-03
566 4.028200e-02 7.060000e-04 1.408920e-01 3.346000e-03
567 4.037100e-02 6.960000e-04 1.413360e-01 3.289000e-03
568 4.017200e-02 6.540000e-04 1.414020e-01 3.338000e-03
569 4.029300e-02 6.710000e-04 1.428100e-01 3.430000e-03
570 4.045800e-02 9.630000e-04 1.653840e-01 3.581000e-03
571 4.048400e-02 6.580000e-04 1.420820e-01 3.317000e-03
572 4.053700e-02 6.110000e-04 1.421920e-01 3.290000e-03
573 4.058600e-02 6.710000e-04 1.425800e-01 3.230000e-03
574 4.074500e-02 6.440000e-04 1.427950e-01 3.349000e-03
575 4.077100e-02 6.470000e-04 1.431030e-01 3.348000e-03
576 4.088200e-02 6.920000e-04 1.431820e-01 3.278000e-03
577 4.079200e-02 6.140000e-04 1.434310e-01 3.216000e-03
578 4.091400e-02 8.190000e-04 1.437460e-01 3.469000e-03
579 4.102600e-02 6.590000e-04 1.440240e-01 3.264000e-03
580 4.104500e-02 6.980000e-04 1.440640e-01 3.310000e-03
581 4.107100e-02 6.310000e-04 1.444220e-01 3.331000e-03
582 4.121500e-02 6.400000e-04 1.447680e-01 3.321000e-03
583 4.127900e-02 6.400000e-04 1.450020e-01 3.211000e-03
584 4.125300e-02 5.770000e-04 1.855620e-01 7.179000e-03
585 6.209300e-02 9.690000e-04 1.481880e-01 3.642000e-03
586 4.143800e-02 7.480000e-04 1.577020e-01 3.788000e-03
587 4.177700e-02 6.870000e-04 1.458020e-01 3.302000e-03
588 4.207000e-02 7.620000e-04 1.475100e-01 3.421000e-03
589 4.190800e-02 7.440000e-04 1.476310e-01 3.486000e-03
590 4.195400e-02 7.420000e-04 1.536670e-01 3.568000e-03
591 4.190300e-02 7.180000e-04 1.470620e-01 3.347000e-03
592 4.194300e-02 6.680000e-04 1.484220e-01 3.408000e-03
593 4.212400e-02 7.020000e-04 1.543990e-01 3.679000e-03
594 4.207500e-02 7.290000e-04 1.477480e-01 3.270000e-03
595 4.215200e-02 6.100000e-04 1.476050e-01 3.245000e-03
596 4.212700e-02 6.310000e-04 1.493670e-01 3.364000e-03
597 4.238800e-02 6.740000e-04 1.495600e-01 3.484000e-03
598 4.224200e-02 6.560000e-04 1.496920e-01 3.534000e-03
599 4.241600e-02 6.570000e-04 1.498760e-01 3.436000e-03
600 4.273600e-02 3.687000e-02 1.505280e-01 4.887800e-02
601 4.250200e-02 6.770000e-04 1.501200e-01 3.361000e-03
602 4.271700e-02 7.190000e-04 1.506640e-01 3.527000e-03
603 4.262000e-02 6.420000e-04 1.510280e-01 3.539000e-03
604 4.286000e-02 6.830000e-04 1.509190e-01 3.368000e-03
605 4.288600e-02 6.570000e-04 1.519160e-01 3.334000e-03
606 4.296800e-02 6.560000e-04 1.511130e-01 3.395000e-03
607 4.285100e-02 6.500000e-04 1.517820e-01 3.379000e-03
608 4.303700e-02 6.700000e-04 1.519350e-01 3.490000e-03
609 4.314100e-02 6.570000e-04 1.528800e-01 3.371000e-03
610 4.323300e-02 6.190000e-04 1.526860e-01 3.376000e-03
611 4.317400e-02 6.480000e-04 1.528780e-01 3.363000e-03
612 4.362200e-02 6.790000e-04 1.530450e-01 3.207000e-03
613 4.338200e-02 6.970000e-04 1.533540e-01 3.531000e-03
614 4.349500e-02 6.940000e-04 1.569470e-01 3.350000e-03
615 4.353300e-02 6.630000e-04 1.539520e-01 3.363000e-03
616 4.366400e-02 6.300000e-04 1.542130e-01 3.365000e-03
617 4.360300e-02 6.150000e-04 1.544850e-01 3.493000e-03
618 4.388900e-02 6.460000e-04 1.547270e-01 3.334000e-03
619 4.372500e-02 6.320000e-04 1.547640e-01 3.528000e-03
620 4.404600e-02 6.380000e-04 1.541020e-01 3.428000e-03
621 4.389600e-02 6.390000e-04 1.542360e-01 3.252000e-03
622 4.415600e-02 5.960000e-04 1.565950e-01 3.463000e-03
623 4.411400e-02 6.320000e-04 1.559430e-01 3.498000e-03
624 4.420600e-02 6.650000e-04 1.563150e-01 3.414000e-03
625 4.415600e-02 6.150000e-04 1.563510e-01 3.526000e-03
626 4.438000e-02 6.440000e-04 1.565420e-01 3.344000e-03
627 4.467600e-02 6.330000e-04 1.567660e-01 3.310000e-03
628 5.332800e-02 6.540000e-04 1.605700e-01 3.662000e-03
629 4.452600e-02 7.160000e-04 1.571370e-01 3.353000e-03
630 5.032000e-02 7.770000e-04 1.570300e-01 3.368000e-03
631 4.459000e-02 6.510000e-04 1.702940e-01 3.592000e-03
632 4.482600e-02 6.700000e-04 1.566590e-01 3.304000e-03
633 4.479100e-02 5.600000e-04 1.571540e-01 3.265000e-03
634 4.492600e-02 8.110000e-04 1.578270e-01 3.286000e-03
635 4.490100e-02 6.140000e-04 1.575170e-01 3.376000e-03
636 4.501300e-02 6.130000e-04 1.673540e-01 1.307300e-02
637 4.501400e-02 6.160000e-04 1.579350e-01 3.246000e-03
638 4.543300e-02 6.140000e-04 1.590430e-01 3.390000e-03
639 4.515600e-02 6.320000e-04 1.592170e-01 3.343000e-03
640 4.532500e-02 6.550000e-04 1.594470e-01 3.416000e-03
641 4.534400e-02 5.990000e-04 1.597180e-01 3.401000e-03
642 4.546800e-02 6.170000e-04 1.640000e-01 3.685000e-03
643 4.562100e-02 6.280000e-04 1.602090e-01 3.380000e-03
644 4.549500e-02 5.970000e-04 1.603590e-01 3.386000e-03
645 4.556200e-02 5.930000e-04 1.607140e-01 3.370000e-03
646 4.572400e-02 5.800000e-04 1.610350e-01 3.387000e-03
647 4.585700e-02 6.520000e-04 1.610880e-01 3.363000e-03
648 4.572900e-02 5.760000e-04 1.613480e-01 3.411000e-03
649 4.590600e-02 6.440000e-04 2.389980e-01 4.733000e-03
650 4.623300e-02 9.690000e-04 1.620760e-01 3.861000e-03
651 5.174100e-02 8.440000e-04 1.629310e-01 3.782000e-03
652 4.625700e-02 7.980000e-04 1.623320e-01 3.661000e-03
653 4.622000e-02 6.340000e-04 1.624930e-01 3.586000e-03
654 4.621800e-02 6.830000e-04 1.706860e-01 3.901000e-03
655 4.650000e-02 7.380000e-04 1.650930e-01 3.728000e-03
656 5.570100e-02 7.470000e-04 1.646050e-01 3.544000e-03
657 4.639700e-02 6.720000e-04 1.650910e-01 3.505000e-03
658 4.670300e-02 6.970000e-04 1.641110e-01 3.425000e-03
659 4.659600e-02 6.360000e-04 1.635260e-01 3.290000e-03
660 4.666000e-02 6.580000e-04 1.651920e-01 3.511000e-03
661 4.673300e-02 6.440000e-04 1.652060e-01 3.395000e-03
662 4.687400e-02 7.190000e-04 1.654360e-01 3.538000e-03
663 4.682000e-02 6.510000e-04 1.652120e-01 3.306000e-03
664 4.704300e-02 6.130000e-04 1.721300e-01 3.748000e-03
665 4.703000e-02 6.330000e-04 1.654030e-01 3.399000e-03
666 4.722200e-02 6.610000e-04 1.655970e-01 3.468000e-03
667 4.717400e-02 6.860000e-04 1.654670e-01 3.329000e-03
668 4.720300e-02 6.250000e-04 1.669420e-01 3.437000e-03
669 4.724700e-02 6.290000e-04 1.720660e-01 3.543000e-03
670 4.744600e-02 6.120000e-04 1.678970e-01 3.518000e-03
671 4.746900e-02 6.470000e-04 1.679270e-01 3.395000e-03
672 4.757500e-02 6.410000e-04 1.683150e-01 3.377000e-03
673 4.754100e-02 6.430000e-04 1.683280e-01 3.385000e-03
674 4.763400e-02 6.380000e-04 1.877140e-01 3.246000e-03
675 4.773900e-02 6.260000e-04 1.690620e-01 3.338000e-03
676 4.786200e-02 6.960000e-04 1.688220e-01 3.384000e-03
677 4.794200e-02 7.120000e-04 1.693550e-01 3.407000e-03
678 5.766000e-02 6.420000e-04 1.695660e-01 3.536000e-03
679 4.806200e-02 6.450000e-04 1.705620e-01 3.295000e-03
680 4.812700e-02 6.820000e-04 1.698230e-01 3.377000e-03
681 4.825300e-02 6.230000e-04 1.701060e-01 3.374000e-03
682 4.831500e-02 6.510000e-04 1.710610e-01 3.461000e-03
683 5.830400e-02 6.860000e-04 1.709190e-01 3.630000e-03
684 4.840400e-02 6.710000e-04 1.712750e-01 3.383000e-03
685 4.857000e-02 6.520000e-04 1.714640e-01 3.189000e-03
686 4.852100e-02 6.790000e-04 1.720360e-01 3.533000e-03
687 4.854000e-02 6.650000e-04 1.853580e-01 3.532000e-03
688 4.873200e-02 7.010000e-04 1.720960e-01 3.417000e-03
689 4.869900e-02 6.690000e-04 1.729800e-01 3.393000e-03
690 4.883400e-02 6.740000e-04 1.725960e-01 3.532000e-03
691 4.881700e-02 6.890000e-04 1.732660e-01 3.427000e-03
692 4.903500e-02 6.950000e-04 1.731350e-01 3.514000e-03
693 4.899700e-02 6.890000e-04 1.736850e-01 3.347000e-03
694 4.897800e-02 6.990000e-04 1.828040e-01 3.810000e-03
695 4.916100e-02 7.020000e-04 1.810390e-01 3.864000e-03
696 5.341800e-02 7.660000e-04 1.744970e-01 3.409000e-03
697 4.939100e-02 7.210000e-04 1.800500e-01 3.691000e-03
698 4.947100e-02 8.310000e-04 1.749290e-01 3.659000e-03
699 4.942700e-02 7.820000e-04 1.752440e-01 3.483000e-03
700 4.949900e-02 4.264200e-02 1.755470e-01 5.652400e-02
701 4.955100e-02 6.520000e-04 1.744360e-01 3.313000e-03
702 4.960100e-02 7.190000e-04 1.739430e-01 3.437000e-03
703 4.974000e-02 6.650000e-04 1.742510e-01 3.254000e-03
704 4.974000e-02 6.170000e-04 1.742880e-01 3.450000e-03
705 4.979400e-02 6.300000e-04 2.501540e-01 4.495000e-03
706 5.029900e-02 9.790000e-04 1.857700e-01 3.910000e-03
707 5.010800e-02 7.560000e-04 1.757980e-01 3.290000e-03
708 5.002400e-02 6.360000e-04 1.835820e-01 3.517000e-03
709 5.016600e-02 6.840000e-04 1.756620e-01 3.181000e-03
710 5.565300e-02 7.310000e-04 1.778030e-01 3.582000e-03
711 5.015800e-02 6.770000e-04 1.769370e-01 3.573000e-03
712 5.045900e-02 7.020000e-04 1.775770e-01 3.339000e-03
713 5.071600e-02 9.090000e-04 1.774810e-01 3.680000e-03
714 5.065100e-02 7.850000e-04 1.769180e-01 3.383000e-03
715 5.060300e-02 5.880000e-04 1.771800e-01 3.252000e-03
716 5.059600e-02 5.880000e-04 1.772580e-01 3.359000e-03
717 5.067000e-02 5.760000e-04 1.776420e-01 3.257000e-03
718 5.071500e-02 6.370000e-04 1.777850e-01 3.241000e-03
719 5.082700e-02 6.170000e-04 1.781110e-01 3.256000e-03
720 5.083000e-02 6.530000e-04 1.921180e-01 3.880000e-03
721 5.101400e-02 6.830000e-04 1.784150e-01 3.250000e-03
722 5.111200e-02 7.040000e-04 1.794760e-01 3.482000e-03
723 5.117100e-02 7.230000e-04 1.805290e-01 3.512000e-03
724 5.118200e-02 7.210000e-04 1.804860e-01 3.447000e-03
725 5.116900e-02 6.540000e-04 1.806620e-01 3.374000e-03
726 5.128100e-02 6.870000e-04 1.809220e-01 3.389000e-03
727 5.145100e-02 7.110000e-04 1.845280e-01 1.306500e-02
728 4.989000e-02 7.110000e-04 1.868630e-01 3.833000e-03
729 5.136200e-02 7.300000e-04 1.816990e-01 3.478000e-03
730 5.160200e-02 7.160000e-04 1.819720e-01 3.477000e-03
731 5.158400e-02 6.640000e-04 1.963560e-01 3.410000e-03
732 5.167000e-02 6.880000e-04 1.850900e-01 3.511000e-03
733 5.179900e-02 6.810000e-04 1.813410e-01 3.256000e-03
734 5.185700e-02 6.840000e-04 1.815970e-01 3.242000e-03
735 5.190800e-02 6.850000e-04 2.069420e-01 1.283200e-02
736 5.052000e-02 7.220000e-04 1.868520e-01 1.314600e-02
737 5.036000e-02 6.750000e-04 1.824660e-01 3.384000e-03
738 6.150400e-02 7.280000e-04 2.208210e-01 1.321700e-02
739 5.055100e-02 7.940000e-04 1.830600e-01 3.421000e-03
740 5.235600e-02 7.130000e-04 1.831950e-01 3.386000e-03
741 5.227600e-02 6.490000e-04 1.835430e-01 3.554000e-03
742 5.238100e-02 6.580000e-04 1.838860e-01 3.544000e-03
743 5.247300e-02 6.390000e-04 1.839280e-01 3.542000e-03
744 5.255700e-02 6.420000e-04 1.888830e-01 3.538000e-03
745 5.275200e-02 6.490000e-04 1.845540e-01 3.704000e-03
746 5.261300e-02 1.016000e-03 1.855730e-01 3.768000e-03
747 5.295600e-02 6.750000e-04 1.853020e-01 3.704000e-03
748 5.277600e-02 7.130000e-04 1.854400e-01 3.676000e-03
749 5.309400e-02 6.450000e-04 1.872220e-01 3.972000e-03
750 5.307200e-02 6.170000e-04 1.864120e-01 3.380000e-03
751 5.294500e-02 6.740000e-04 1.868390e-01 3.445000e-03
752 5.309100e-02 6.620000e-04 1.870920e-01 3.396000e-03
753 5.319400e-02 6.710000e-04 1.875490e-01 3.526000e-03
754 5.336800e-02 6.940000e-04 1.878910e-01 3.515000e-03
755 5.313100e-02 6.610000e-04 1.875450e-01 3.376000e-03
756 5.345100e-02 6.280000e-04 1.993460e-01 4.018000e-03
757 5.345300e-02 7.400000e-04 1.880080e-01 3.361000e-03
758 5.349900e-02 5.930000e-04 1.943480e-01 3.745000e-03
759 5.347300e-02 6.540000e-04 1.883940e-01 3.356000e-03
760 5.360400e-02 5.810000e-04 1.886460e-01 3.366000e-03
761 5.365700e-02 5.750000e-04 1.886940e-01 3.372000e-03
762 5.385900e-02 5.900000e-04 1.899930e-01 3.568000e-03
763 5.387000e-02 7.160000e-04 1.901710e-01 3.907000e-03
764 5.396800e-02 6.810000e-04 1.905860e-01 3.833000e-03
765 5.396600e-02 7.290000e-04 1.912560e-01 4.156000e-03
766 5.411700e-02 6.720000e-04 1.911350e-01 3.899000e-03
767 5.405800e-02 6.770000e-04 1.913470e-01 3.785000e-03
768 5.418700e-02 6.760000e-04 1.951470e-01 3.977000e-03
769 5.435700e-02 6.570000e-04 1.915490e-01 4.077000e-03
770 5.441700e-02 6.710000e-04 1.916890e-01 4.006000e-03
771 5.428500e-02 6.660000e-04 1.915130e-01 3.760000e-03
772 5.452200e-02 6.830000e-04 1.925950e-01 3.787000e-03
773 5.477600e-02 6.910000e-04 1.925730e-01 3.547000e-03
774 5.475800e-02 7.740000e-04 1.929110e-01 3.796000e-03
775 5.476900e-02 7.670000e-04 1.934830e-01 4.143000e-03
776 5.490100e-02 7.320000e-04 1.938330e-01 4.141000e-03
777 5.486000e-02 6.410000e-04 1.938720e-01 4.105000e-03
778 5.496700e-02 6.670000e-04 1.941130e-01 4.128000e-03
779 5.513900e-02 6.580000e-04 1.947100e-01 4.107000e-03
780 5.511900e-02 7.260000e-04 1.984770e-01 3.931000e-03
781 5.509000e-02 7.550000e-04 1.950930e-01 4.228000e-03
782 5.532100e-02 7.630000e-04 1.954790e-01 4.154000e-03
783 5.523500e-02 6.770000e-04 1.940780e-01 3.734000e-03
784 5.543400e-02 7.060000e-04 1.941530e-01 3.853000e-03
785 5.527600e-02 6.770000e-04 1.958930e-01 3.816000e-03
786 5.549300e-02 7.350000e-04 1.962940e-01 3.704000e-03
787 5.563100e-02 7.650000e-04 1.961120e-01 3.957000e-03
788 6.484000e-02 7.200000e-04 2.134960e-01 4.054000e-03
789 5.569900e-02 7.410000e-04 1.953310e-01 3.650000e-03
790 5.579700e-02 6.710000e-04 1.955890e-01 3.703000e-03
791 5.578100e-02 6.190000e-04 1.957030e-01 3.595000e-03
792 5.588800e-02 6.520000e-04 1.963440e-01 3.690000e-03
793 5.590600e-02 6.250000e-04 1.962900e-01 3.666000e-03
794 5.602000e-02 6.220000e-04 1.964610e-01 3.671000e-03
795 5.610100e-02 6.760000e-04 1.965950e-01 3.657000e-03
796 5.631500e-02 6.440000e-04 1.983440e-01 4.290000e-03
797 5.631000e-02 6.150000e-04 1.982190e-01 3.996000e-03
798 5.636300e-02 6.710000e-04 1.981290e-01 3.687000e-03
799 5.643200e-02 6.670000e-04 1.986430e-01 3.984000e-03
800 5.647000e-02 4.863900e-02 1.997910e-01 6.473500e-02
801 5.666400e-02 6.760000e-04 1.997130e-01 3.920000e-03
802 5.659500e-02 6.690000e-04 1.997360e-01 3.871000e-03
803 5.674900e-02 7.080000e-04 2.031990e-01 3.964000e-03
804 5.698300e-02 6.880000e-04 2.005660e-01 3.936000e-03
805 6.817900e-02 7.330000e-04 2.006040e-01 3.876000e-03
806 5.685500e-02 6.950000e-04 2.010760e-01 4.026000e-03
807 5.702700e-02 7.050000e-04 2.007660e-01 4.001000e-03
808 5.697200e-02 7.670000e-04 2.015220e-01 4.226000e-03
809 5.709800e-02 7.570000e-04 2.018670e-01 4.141000e-03
810 5.726400e-02 6.910000e-04 2.019420e-01 3.897000e-03
811 5.747900e-02 7.240000e-04 2.019030e-01 3.818000e-03
812 5.728200e-02 7.940000e-04 2.023390e-01 3.864000e-03
813 5.740100e-02 7.270000e-04 2.024810e-01 3.807000e-03
814 5.750900e-02 6.970000e-04 2.060120e-01 4.065000e-03
815 5.741400e-02 6.310000e-04 2.028580e-01 3.788000e-03
816 5.768200e-02 6.990000e-04 2.094250e-01 4.098000e-03
817 5.763700e-02 8.150000e-04 2.033050e-01 3.879000e-03
818 5.777600e-02 6.550000e-04 2.036590e-01 3.848000e-03
819 5.771000e-02 6.320000e-04 2.037900e-01 3.899000e-03
820 5.793700e-02 6.560000e-04 2.043000e-01 3.811000e-03
821 5.787100e-02 6.650000e-04 2.047360e-01 3.829000e-03
822 5.798100e-02 7.230000e-04 2.046650e-01 3.882000e-03
823 5.794600e-02 6.990000e-04 2.064800e-01 3.905000e-03
824 5.824900e-02 6.940000e-04 2.053910e-01 3.836000e-03
825 6.646600e-02 6.610000e-04 2.135900e-01 1.363400e-02
826 8.671100e-02 7.860000e-04 2.050900e-01 3.788000e-03
827 5.834000e-02 6.780000e-04 2.061250e-01 3.818000e-03
828 5.847400e-02 7.100000e-04 2.059030e-01 3.779000e-03
829 5.846400e-02 6.880000e-04 2.066090e-01 3.911000e-03
830 5.868100e-02 7.480000e-04 2.069610e-01 3.928000e-03
831 5.859200e-02 6.930000e-04 2.075660e-01 3.789000e-03
832 5.873900e-02 7.010000e-04 2.059980e-01 3.943000e-03
833 5.880000e-02 6.570000e-04 2.079610e-01 3.916000e-03
834 5.911700e-02 8.650000e-04 2.078810e-01 4.011000e-03
835 5.900600e-02 7.000000e-04 2.069230e-01 3.792000e-03
836 5.900200e-02 6.790000e-04 2.100560e-01 3.813000e-03
837 5.889700e-02 6.730000e-04 2.377730e-01 7.452000e-03
838 1.221390e-01 1.317000e-03 3.137900e-01 5.956000e-03
839 5.938400e-02 1.104000e-03 2.102660e-01 4.448000e-03
840 5.941700e-02 8.330000e-04 2.081620e-01 3.908000e-03
841 5.929700e-02 8.000000e-04 2.102670e-01 4.641000e-03
842 5.947900e-02 7.730000e-04 2.094720e-01 4.483000e-03
843 5.939100e-02 7.640000e-04 2.211120e-01 5.213000e-03
844 5.969000e-02 8.240000e-04 2.109640e-01 4.560000e-03
845 5.965200e-02 6.320000e-04 2.109440e-01 4.231000e-03
846 5.986800e-02 6.600000e-04 2.108720e-01 4.151000e-03
847 5.986000e-02 7.230000e-04 2.114640e-01 4.221000e-03
848 5.993100e-02 7.090000e-04 2.116050e-01 4.132000e-03
849 5.992500e-02 6.840000e-04 2.115500e-01 4.151000e-03
850 6.003600e-02 7.150000e-04 2.132570e-01 4.202000e-03
851 6.002100e-02 6.880000e-04 2.156340e-01 4.456000e-03
852 6.017300e-02 7.670000e-04 2.120090e-01 4.288000e-03
853 6.017500e-02 7.270000e-04 2.132540e-01 4.387000e-03
854 6.044000e-02 7.470000e-04 2.125980e-01 3.912000e-03
855 6.032600e-02 7.430000e-04 2.129030e-01 3.892000e-03
856 6.038100e-02 1.021000e-03 2.131930e-01 4.154000e-03
857 6.051300e-02 6.880000e-04 2.180540e-01 4.244000e-03
858 6.070500e-02 6.930000e-04 2.142080e-01 4.192000e-03
859 6.057400e-02 7.010000e-04 2.154180e-01 4.006000e-03
860 6.072600e-02 6.770000e-04 2.136010e-01 4.001000e-03
861 6.078400e-02 6.810000e-04 2.153850e-01 4.907000e-03
862 6.147800e-02 9.120000e-04 2.152120e-01 4.516000e-03
863 6.095200e-02 8.230000e-04 2.262630e-01 4.846000e-03
864 6.118400e-02 7.750000e-04 2.161300e-01 4.552000e-03
865 6.109800e-02 7.100000e-04 2.162500e-01 4.246000e-03
866 6.119200e-02 7.540000e-04 2.158910e-01 3.879000e-03
867 6.127500e-02 7.470000e-04 2.157440e-01 3.868000e-03
868 6.150000e-02 7.050000e-04 2.209590e-01 3.963000e-03
869 7.360900e-02 6.790000e-04 2.149280e-01 3.747000e-03
870 6.127900e-02 9.710000e-04 2.228590e-01 4.386000e-03
871 6.144900e-02 7.130000e-04 2.170160e-01 4.008000e-03
872 6.157600e-02 6.910000e-04 2.168160e-01 3.452000e-03
873 6.160600e-02 6.590000e-04 2.167840e-01 3.517000e-03
874 6.168000e-02 6.570000e-04 2.171410e-01 3.451000e-03
875 6.183900e-02 6.580000e-04 2.171930e-01 3.450000e-03
876 6.216200e-02 9.280000e-04 2.578130e-01 3.541000e-03
877 6.198300e-02 7.010000e-04 2.781880e-01 6.478000e-03
878 6.207800e-02 1.202000e-03 2.282920e-01 3.794000e-03
879 6.594100e-02 8.630000e-04 2.189620e-01 3.306000e-03
880 6.204200e-02 7.730000e-04 2.184630e-01 3.253000e-03
881 6.224800e-02 6.600000e-04 2.186640e-01 3.149000e-03
882 6.226700e-02 9.150000e-04 2.557340e-01 3.147000e-03
883 6.224500e-02 6.750000e-04 2.580540e-01 3.172000e-03
884 6.247800e-02 8.420000e-04 2.198140e-01 3.249000e-03
885 6.256600e-02 6.690000e-04 2.180780e-01 3.165000e-03
886 6.249500e-02 7.030000e-04 2.183170e-01 3.144000e-03
887 6.256800e-02 6.910000e-04 2.203760e-01 3.249000e-03
888 6.273300e-02 9.910000e-04 2.628660e-01 3.465000e-03
889 6.285900e-02 7.110000e-04 2.594120e-01 2.956000e-03
890 6.279500e-02 9.710000e-04 2.197750e-01 3.264000e-03
891 6.287000e-02 6.290000e-04 2.197080e-01 3.091000e-03
892 6.289700e-02 6.590000e-04 2.197200e-01 3.140000e-03
893 6.301800e-02 6.430000e-04 2.295910e-01 3.530000e-03
894 6.317100e-02 9.280000e-04 2.596840e-01 3.220000e-03
895 6.328900e-02 7.540000e-04 2.669170e-01 3.556000e-03
896 6.338900e-02 9.600000e-04 2.212940e-01 3.296000e-03
897 6.341900e-02 6.690000e-04 2.210500e-01 3.151000e-03
898 6.329800e-02 6.820000e-04 2.273320e-01 3.257000e-03
899 6.346300e-02 7.980000e-04 2.597200e-01 3.042000e-03
900 6.345100e-02 5.467500e-02 2.602850e-01 7.145000e-02
901 6.362100e-02 8.430000e-04 2.238830e-01 3.353000e-03
902 6.371600e-02 6.740000e-04 2.221590e-01 3.179000e-03
903 6.363600e-02 6.770000e-04 2.225310e-01 3.128000e-03
904 6.384500e-02 7.400000e-04 2.610470e-01 3.026000e-03
905 6.386500e-02 6.700000e-04 2.612520e-01 2.958000e-03
906 6.403400e-02 7.420000e-04 2.233800e-01 3.229000e-03
907 6.380600e-02 6.520000e-04 2.291660e-01 3.349000e-03
908 6.404400e-02 7.460000e-04 2.234750e-01 3.174000e-03
909 6.422000e-02 7.250000e-04 2.620220e-01 3.038000e-03
910 6.416900e-02 6.580000e-04 2.620340e-01 2.995000e-03
911 6.427800e-02 7.780000e-04 2.247770e-01 3.180000e-03
912 6.427500e-02 6.870000e-04 2.266690e-01 3.303000e-03
913 6.440500e-02 6.570000e-04 2.246800e-01 3.113000e-03
914 6.456400e-02 7.990000e-04 2.634430e-01 3.103000e-03
915 6.456700e-02 6.650000e-04 2.633810e-01 2.991000e-03
916 6.473700e-02 8.150000e-04 2.260490e-01 3.266000e-03
917 6.466800e-02 7.090000e-04 2.277580e-01 3.306000e-03
918 6.484600e-02 6.900000e-04 2.260850e-01 3.169000e-03
919 7.870000e-02 9.760000e-04 2.739420e-01 3.831000e-03
920 6.498300e-02 8.240000e-04 2.664420e-01 3.108000e-03
921 7.934600e-02 7.680000e-04 2.303570e-01 3.234000e-03
922 6.505900e-02 7.900000e-04 2.288630e-01 3.340000e-03
923 6.501000e-02 6.330000e-04 2.271740e-01 3.084000e-03
924 6.507400e-02 7.100000e-04 2.273790e-01 3.197000e-03
925 6.524100e-02 6.450000e-04 2.509060e-01 3.392000e-03
926 6.564000e-02 9.250000e-04 2.382100e-01 3.541000e-03
927 6.539400e-02 7.830000e-04 2.283470e-01 3.229000e-03
928 6.552700e-02 7.640000e-04 2.286390e-01 3.149000e-03
929 6.596900e-02 8.640000e-04 2.677420e-01 3.118000e-03
930 6.566400e-02 7.470000e-04 2.695220e-01 2.991000e-03
931 6.598500e-02 9.270000e-04 2.719310e-01 3.184000e-03
932 6.587200e-02 7.210000e-04 2.294390e-01 3.195000e-03
933 6.581400e-02 6.890000e-04 2.298470e-01 3.227000e-03
934 6.610700e-02 9.360000e-04 2.695770e-01 3.181000e-03
935 6.590700e-02 7.610000e-04 2.718770e-01 3.287000e-03
936 6.627200e-02 9.790000e-04 2.343280e-01 3.378000e-03
937 6.612600e-02 6.860000e-04 2.382100e-01 5.028000e-03
938 8.310600e-02 9.010000e-04 2.313850e-01 3.232000e-03
939 6.653600e-02 8.580000e-04 2.699800e-01 3.176000e-03
940 6.639700e-02 7.500000e-04 2.720890e-01 3.150000e-03
941 6.647900e-02 8.690000e-04 2.352410e-01 3.298000e-03
942 6.652800e-02 6.480000e-04 2.320000e-01 3.291000e-03
943 6.646400e-02 7.500000e-04 2.322720e-01 2.865000e-03
944 6.674300e-02 8.860000e-04 2.750750e-01 3.122000e-03
945 7.301200e-02 7.550000e-04 4.587570e-01 7.801000e-03
946 1.212500e-01 1.296000e-03 4.044500e-01 6.722000e-03
947 1.152580e-01 1.368000e-03 3.977480e-01 6.041000e-03
948 1.144100e-01 1.254000e-03 3.950450e-01 5.682000e-03
949 1.148160e-01 1.375000e-03 4.579610e-01 6.052000e-03
950 1.157510e-01 1.302000e-03 3.930120e-01 7.390000e-03
951 1.190800e-01 1.370000e-03 4.283600e-01 6.922000e-03
952 1.211550e-01 1.563000e-03 4.060070e-01 7.100000e-03
953 1.208460e-01 1.436000e-03 4.253540e-01 6.743000e-03
954 1.194760e-01 1.553000e-03 4.199670e-01 6.908000e-03
955 1.193870e-01 1.370000e-03 4.096170e-01 4.838000e-03
956 6.805200e-02 1.120000e-03 2.380940e-01 3.451000e-03
957 6.789500e-02 9.650000e-04 2.513370e-01 5.843000e-03
958 1.198660e-01 1.204000e-03 3.625440e-01 6.550000e-03
959 7.710700e-02 1.299000e-03 3.252580e-01 6.010000e-03
960 7.588200e-02 1.232000e-03 3.820250e-01 6.143000e-03
961 1.028050e-01 1.536000e-03 2.382700e-01 3.498000e-03
962 6.951900e-02 8.850000e-04 2.374270e-01 3.264000e-03
963 6.812800e-02 7.380000e-04 2.373950e-01 3.297000e-03
964 6.817600e-02 7.080000e-04 2.532420e-01 3.613000e-03
965 6.812700e-02 8.010000e-04 2.380000e-01 3.165000e-03
966 7.054400e-02 7.920000e-04 2.380130e-01 3.250000e-03
967 6.822200e-02 6.900000e-04 2.401570e-01 3.362000e-03
968 6.848500e-02 7.240000e-04 2.382220e-01 2.931000e-03
969 6.877300e-02 8.100000e-04 2.381490e-01 2.955000e-03
970 6.850100e-02 8.810000e-04 2.385660e-01 2.933000e-03
971 6.858800e-02 7.680000e-04 2.388440e-01 2.904000e-03
972 6.849200e-02 7.590000e-04 2.390390e-01 2.912000e-03
973 6.876700e-02 7.100000e-04 2.421510e-01 2.910000e-03
974 7.974100e-02 8.200000e-04 2.398760e-01 3.002000e-03
975 6.885900e-02 7.270000e-04 2.398600e-01 2.911000e-03
976 6.887800e-02 7.160000e-04 2.401140e-01 2.914000e-03
977 6.898900e-02 6.390000e-04 2.399980e-01 2.886000e-03
978 6.888200e-02 7.140000e-04 2.489180e-01 3.343000e-03
979 6.916000e-02 7.180000e-04 2.404650e-01 2.914000e-03
980 6.915400e-02 6.910000e-04 2.408400e-01 2.939000e-03
981 6.929200e-02 7.250000e-04 2.503640e-01 3.682000e-03
982 6.915600e-02 7.690000e-04 2.413950e-01 3.006000e-03
983 6.941200e-02 6.740000e-04 2.516030e-01 3.225000e-03
984 6.938800e-02 7.750000e-04 2.448370e-01 2.937000e-03
985 6.957800e-02 7.530000e-04 2.420450e-01 2.927000e-03
986 6.943200e-02 7.550000e-04 2.423420e-01 2.908000e-03
987 8.517400e-02 7.290000e-04 2.428410e-01 3.207000e-03
988 7.000700e-02 7.500000e-04 2.990590e-01 4.193000e-03
989 7.854900e-02 9.070000e-04 2.440570e-01 3.285000e-03
990 6.986500e-02 7.020000e-04 2.450780e-01 2.991000e-03
991 6.997300e-02 7.250000e-04 2.435430e-01 2.946000e-03
992 6.994700e-02 6.690000e-04 2.469510e-01 2.913000e-03
993 7.036500e-02 7.840000e-04 2.443730e-01 2.989000e-03
994 6.991800e-02 7.140000e-04 2.442210e-01 2.994000e-03
995 7.007900e-02 6.840000e-04 2.446610e-01 2.924000e-03
996 7.022800e-02 1.005000e-03 2.456970e-01 2.903000e-03
997 7.041800e-02 6.370000e-04 2.450460e-01 2.862000e-03
998 1.006490e-01 1.240000e-03 2.631400e-01 6.657000e-03
999 7.058700e-02 8.370000e-04 2.568860e-01 3.491000e-03
1000 7.053800e-02 6.078700e-02 3.703490e-01 1.152340e-01
